37.317	13.931	13.345
65.626	17.847	18.067
50.333	-01.057	-21.498
43.257	-14.514	21.995
55.602	12.456	-25.310
71.296	-33.241	00.834
62.542	33.668	56.797
40.104	17.798	-46.520
50.719	48.713	15.408
30.142	25.395	-22.337
73.007	-28.122	59.380
72.134	15.320	68.191
29.251	23.065	-49.667
55.643	-41.255	33.038
41.411	53.549	28.643
81.620	-01.107	77.910
52.110	52.162	-16.075
52.541	-17.698	-26.427
92.120	00.499	00.712
82.227	-00.863	00.247
67.396	00.194	-00.524
51.025	00.959	-00.284
35.003	00.879	-02.339
19.071	00.681	-00.487
