X	Y	Red	Green	Blue
487	813	48	121	166
488	813	49	120	164
489	813	49	120	164
490	813	47	120	163
491	813	47	120	163
492	813	47	120	163
493	813	48	121	164
494	813	47	120	163
495	813	47	120	163
496	813	47	122	164
497	813	47	122	164
498	813	47	122	164
499	813	43	118	160
500	813	48	123	163
501	813	52	127	167
502	813	48	126	165
503	813	46	124	163
504	813	45	122	164
505	813	46	123	165
506	813	46	123	165
507	813	45	122	164
508	813	50	125	167
509	813	53	128	170
510	813	51	126	168
511	813	46	121	163
512	813	45	120	162
513	813	43	118	160
514	813	49	123	168
515	813	49	123	168
516	813	48	125	169
517	813	52	129	173
518	813	49	128	169
519	813	45	124	165
520	813	45	124	165
521	813	43	122	163
522	813	45	122	164
523	813	47	124	166
524	813	46	123	165
525	813	46	123	165
526	813	47	124	166
527	813	47	122	164
528	813	45	119	164
529	813	47	120	165
530	813	47	120	165
531	813	49	122	167
532	813	48	121	166
533	813	44	117	162
534	813	46	119	164
535	813	48	121	166
536	813	46	117	163
537	813	45	116	162
538	813	48	119	163
539	813	49	120	164
540	813	45	116	158
541	813	43	114	156
542	813	45	118	159
543	813	45	118	159
544	813	45	118	159
545	813	47	120	161
546	813	49	122	163
547	813	51	124	165
548	813	51	126	168
549	813	53	128	170
550	813	53	128	170
551	813	51	126	168
552	813	50	124	169
553	813	50	124	169
554	813	47	121	166
555	813	47	121	166
556	813	48	122	167
557	813	48	122	167
558	813	45	122	166
559	813	45	122	166
560	813	46	120	165
561	813	47	121	166
562	813	46	120	165
563	813	46	120	165
564	813	49	122	167
565	813	49	122	167
566	813	48	120	168
567	813	46	118	166
568	813	47	121	168
569	813	49	123	170
570	813	48	122	167
571	813	50	124	169
572	813	53	126	169
573	813	48	121	164
574	813	46	117	161
575	813	48	119	163
576	813	48	121	162
577	813	50	123	164
578	813	49	122	163
579	813	49	122	163
580	813	48	123	163
581	813	47	122	162
582	813	47	122	164
583	813	49	124	166
584	813	47	124	166
585	813	47	124	166
586	813	47	125	164
587	813	48	126	165
588	813	48	126	165
589	813	48	126	165
590	813	48	125	167
591	813	48	125	167
592	813	49	126	168
593	813	49	126	168
594	813	49	124	164
595	813	49	124	164
596	813	50	123	164
597	813	48	121	162
487	814	48	121	166
488	814	49	122	167
489	814	50	123	168
490	814	47	120	163
491	814	44	117	160
492	814	45	118	161
493	814	47	120	163
494	814	49	120	164
495	814	51	122	166
496	814	48	123	165
497	814	47	122	164
498	814	48	123	165
499	814	47	122	164
500	814	52	127	167
501	814	52	127	167
502	814	46	124	163
503	814	47	125	164
504	814	46	123	165
505	814	47	124	166
506	814	46	123	165
507	814	43	120	162
508	814	48	122	167
509	814	52	126	171
510	814	52	126	171
511	814	48	122	167
512	814	46	119	164
513	814	44	117	162
514	814	46	120	165
515	814	44	118	163
516	814	45	122	166
517	814	51	128	172
518	814	51	130	171
519	814	47	126	167
520	814	46	125	166
521	814	44	123	164
522	814	47	124	168
523	814	46	123	167
524	814	46	120	165
525	814	47	121	166
526	814	49	124	166
527	814	50	125	167
528	814	50	123	166
529	814	50	123	166
530	814	49	122	167
531	814	48	121	166
532	814	45	118	163
533	814	43	116	161
534	814	44	117	162
535	814	45	118	163
536	814	44	117	162
537	814	44	117	162
538	814	48	119	163
539	814	45	116	160
540	814	42	113	157
541	814	45	116	160
542	814	47	118	162
543	814	47	118	162
544	814	44	117	158
545	814	46	119	160
546	814	51	124	165
547	814	50	123	164
548	814	48	123	165
549	814	49	124	166
550	814	49	124	166
551	814	50	125	167
552	814	48	122	167
553	814	47	121	166
554	814	49	123	168
555	814	49	123	168
556	814	50	124	169
557	814	50	124	169
558	814	48	123	165
559	814	50	125	167
560	814	46	123	167
561	814	48	125	169
562	814	49	123	168
563	814	49	123	168
564	814	50	124	169
565	814	50	124	169
566	814	50	124	171
567	814	49	123	170
568	814	45	122	168
569	814	47	124	170
570	814	47	121	166
571	814	48	122	167
572	814	54	127	168
573	814	52	125	166
574	814	49	120	162
575	814	50	121	163
576	814	49	123	162
577	814	50	124	163
578	814	48	121	162
579	814	48	121	162
580	814	49	124	166
581	814	48	123	165
582	814	49	124	166
583	814	50	125	167
584	814	51	126	166
585	814	49	124	164
586	814	46	123	165
587	814	46	123	165
588	814	46	123	165
589	814	47	124	166
590	814	47	124	166
591	814	47	124	166
592	814	46	123	165
593	814	47	124	166
594	814	55	130	170
595	814	54	129	169
596	814	54	129	169
597	814	50	125	165
487	815	48	121	166
488	815	47	119	167
489	815	51	123	171
490	815	52	125	170
491	815	48	121	166
492	815	47	120	163
493	815	45	118	161
494	815	46	117	161
495	815	48	119	163
496	815	43	117	162
497	815	48	122	167
498	815	51	126	168
499	815	53	128	170
500	815	50	125	165
501	815	50	125	165
502	815	48	123	163
503	815	47	122	162
504	815	47	124	166
505	815	46	123	165
506	815	45	122	166
507	815	43	120	164
508	815	48	122	169
509	815	53	127	174
510	815	51	123	171
511	815	49	119	168
512	815	45	116	162
513	815	47	115	162
514	815	44	117	162
515	815	42	115	160
516	815	43	117	162
517	815	49	123	168
518	815	55	132	174
519	815	53	130	172
520	815	48	125	169
521	815	47	124	168
522	815	50	124	171
523	815	47	121	168
524	815	43	117	164
525	815	43	117	164
526	815	50	123	166
527	815	51	124	167
528	815	53	126	169
529	815	54	127	170
530	815	54	127	172
531	815	50	123	168
532	815	47	117	166
533	815	47	117	166
534	815	47	119	167
535	815	47	119	167
536	815	45	118	163
537	815	45	118	163
538	815	46	119	162
539	815	47	118	162
540	815	45	116	160
541	815	49	117	162
542	815	49	116	161
543	815	45	113	158
544	815	47	118	160
545	815	48	121	162
546	815	48	121	162
547	815	46	119	160
548	815	46	121	163
549	815	48	123	165
550	815	49	126	168
551	815	48	125	167
552	815	47	124	168
553	815	47	124	168
554	815	50	124	169
555	815	48	122	167
556	815	49	124	166
557	815	49	124	166
558	815	51	126	168
559	815	53	128	170
560	815	49	126	170
561	815	48	125	169
562	815	48	122	167
563	815	50	124	169
564	815	51	125	170
565	815	50	124	169
566	815	50	124	171
567	815	50	124	171
568	815	48	125	171
569	815	47	124	170
570	815	46	123	167
571	815	48	122	167
572	815	52	127	167
573	815	54	127	168
574	815	51	122	164
575	815	52	123	165
576	815	52	124	162
577	815	51	123	163
578	815	50	124	163
579	815	48	121	162
580	815	49	122	165
581	815	49	122	165
582	815	50	123	164
583	815	50	123	164
584	815	51	124	165
585	815	50	123	164
586	815	50	125	167
587	815	48	123	165
588	815	48	122	167
589	815	48	122	167
590	815	47	122	164
591	815	50	125	167
592	815	49	124	166
593	815	51	126	168
594	815	51	126	166
595	815	50	125	165
596	815	52	130	168
597	815	49	127	165
487	816	41	114	159
488	816	49	122	163
489	816	51	124	165
490	816	53	126	169
491	816	49	122	165
492	816	49	120	164
493	816	51	122	166
494	816	48	119	161
495	816	46	117	159
496	816	46	117	161
497	816	49	120	164
498	816	56	129	174
499	816	55	128	173
500	816	49	126	170
501	816	47	124	168
502	816	46	123	165
503	816	47	124	166
504	816	50	125	167
505	816	48	123	165
506	816	48	121	166
507	816	46	119	164
508	816	47	120	165
509	816	50	123	168
510	816	50	124	169
511	816	48	120	168
512	816	47	117	166
513	816	51	118	170
514	816	49	117	164
515	816	45	116	162
516	816	43	116	159
517	816	48	125	167
518	816	53	132	173
519	816	47	129	169
520	816	46	125	166
521	816	46	123	165
522	816	52	129	173
523	816	49	123	168
524	816	49	123	168
525	816	49	123	168
526	816	46	123	167
527	816	50	124	169
528	816	55	126	170
529	816	55	126	170
530	816	54	127	170
531	816	48	123	165
532	816	48	122	167
533	816	49	123	168
534	816	49	122	167
535	816	45	118	163
536	816	46	119	164
537	816	47	118	164
538	816	50	121	165
539	816	53	121	166
540	816	52	119	164
541	816	50	117	162
542	816	45	116	160
543	816	45	116	160
544	816	50	121	165
545	816	51	122	166
546	816	49	122	165
547	816	47	120	163
548	816	47	120	161
549	816	49	122	163
550	816	49	124	166
551	816	50	125	167
552	816	50	124	169
553	816	48	122	167
554	816	51	124	169
555	816	44	117	162
556	816	46	120	165
557	816	48	122	167
558	816	49	124	166
559	816	50	125	167
560	816	49	123	168
561	816	45	119	164
562	816	48	122	167
563	816	48	122	167
564	816	47	124	168
565	816	48	125	169
566	816	46	123	169
567	816	48	125	171
568	816	48	126	172
569	816	46	124	170
570	816	46	123	167
571	816	48	122	167
572	816	50	125	165
573	816	50	123	164
574	816	41	113	153
575	816	49	121	161
576	816	53	125	165
577	816	51	123	163
578	816	52	125	166
579	816	49	122	163
580	816	51	124	165
581	816	52	125	166
582	816	45	120	160
583	816	45	120	160
584	816	51	124	167
585	816	49	122	165
586	816	50	123	166
587	816	49	122	165
588	816	49	122	165
589	816	49	122	165
590	816	43	120	162
591	816	49	124	166
592	816	48	123	165
593	816	47	120	163
594	816	39	112	155
595	816	38	111	154
596	816	49	124	163
597	816	53	128	167
487	817	41	116	158
488	817	44	117	158
489	817	53	126	167
490	817	58	131	172
491	817	51	124	165
492	817	49	122	163
493	817	49	122	163
494	817	48	119	161
495	817	47	118	160
496	817	47	120	163
497	817	48	121	164
498	817	50	124	169
499	817	48	122	167
500	817	46	123	167
501	817	46	123	167
502	817	47	124	166
503	817	47	124	166
504	817	46	123	165
505	817	48	125	167
506	817	50	124	169
507	817	47	121	166
508	817	46	120	165
509	817	49	123	168
510	817	51	126	168
511	817	49	122	165
512	817	48	121	166
513	817	50	121	167
514	817	49	117	162
515	817	49	117	162
516	817	45	118	159
517	817	50	125	165
518	817	51	129	168
519	817	48	127	166
520	817	44	123	164
521	817	47	124	166
522	817	49	126	170
523	817	49	123	168
524	817	49	123	168
525	817	48	122	167
526	817	48	125	169
527	817	50	124	169
528	817	50	125	167
529	817	53	126	169
530	817	51	126	168
531	817	48	123	165
532	817	48	123	165
533	817	51	126	168
534	817	50	125	167
535	817	45	120	162
536	817	48	121	164
537	817	49	122	165
538	817	51	124	167
539	817	50	123	166
540	817	48	119	163
541	817	47	118	162
542	817	48	119	163
543	817	48	119	163
544	817	47	120	163
545	817	51	124	167
546	817	52	125	168
547	817	49	122	165
548	817	48	121	164
549	817	47	120	163
550	817	46	121	163
551	817	48	123	165
552	817	45	119	164
553	817	44	118	163
554	817	47	121	166
555	817	47	121	166
556	817	49	123	168
557	817	47	121	166
558	817	48	123	165
559	817	49	123	168
560	817	44	121	165
561	817	42	119	165
562	817	45	119	164
563	817	46	120	165
564	817	48	123	165
565	817	51	126	168
566	817	47	124	168
567	817	45	122	166
568	817	47	124	168
569	817	46	123	167
570	817	45	122	166
571	817	49	123	168
572	817	51	126	168
573	817	51	124	167
574	817	45	116	158
575	817	48	119	161
576	817	51	125	164
577	817	51	125	164
578	817	54	127	168
579	817	51	124	165
580	817	50	125	165
581	817	51	126	166
582	817	50	123	166
583	817	48	121	164
584	817	50	123	166
585	817	51	124	167
586	817	50	125	165
587	817	49	124	164
588	817	49	124	164
589	817	48	123	163
590	817	48	123	163
591	817	50	125	165
592	817	50	123	166
593	817	48	121	164
594	817	42	115	158
595	817	42	115	158
596	817	46	121	160
597	817	48	123	162
487	818	50	128	167
488	818	46	121	161
489	818	51	126	166
490	818	58	133	173
491	818	57	132	172
492	818	50	125	165
493	818	51	124	165
494	818	45	118	159
495	818	43	114	156
496	818	48	119	163
497	818	48	119	163
498	818	49	122	167
499	818	47	120	165
500	818	46	121	163
501	818	46	121	163
502	818	46	124	163
503	818	45	123	162
504	818	48	123	163
505	818	49	124	164
506	818	48	123	165
507	818	47	122	164
508	818	47	122	164
509	818	49	124	166
510	818	50	125	167
511	818	49	124	166
512	818	51	124	167
513	818	49	120	164
514	818	45	116	158
515	818	53	122	164
516	818	52	124	164
517	818	51	125	164
518	818	49	124	163
519	818	47	125	163
520	818	48	126	165
521	818	49	127	166
522	818	48	123	165
523	818	48	123	165
524	818	47	124	168
525	818	46	123	167
526	818	49	124	166
527	818	49	124	166
528	818	50	125	167
529	818	51	126	168
530	818	50	123	166
531	818	49	122	165
532	818	49	122	165
533	818	51	124	167
534	818	51	126	166
535	818	51	126	166
536	818	50	123	164
537	818	48	121	162
538	818	48	123	163
539	818	51	126	166
540	818	50	123	164
541	818	48	121	162
542	818	50	121	163
543	818	50	121	163
544	818	47	120	163
545	818	51	124	167
546	818	51	124	167
547	818	49	122	165
548	818	48	121	164
549	818	48	121	164
550	818	47	120	165
551	818	48	121	166
552	818	46	119	164
553	818	44	117	162
554	818	47	121	166
555	818	51	125	170
556	818	52	127	169
557	818	49	124	166
558	818	48	125	167
559	818	49	126	168
560	818	50	127	171
561	818	47	124	168
562	818	46	120	165
563	818	44	118	163
564	818	45	120	162
565	818	48	123	165
566	818	48	123	165
567	818	48	123	165
568	818	49	123	168
569	818	48	122	167
570	818	47	121	166
571	818	49	123	168
572	818	48	121	164
573	818	48	121	164
574	818	47	118	160
575	818	49	120	162
576	818	50	123	164
577	818	52	125	166
578	818	49	124	166
579	818	48	123	165
580	818	48	123	165
581	818	44	119	161
582	818	46	119	162
583	818	51	124	167
584	818	54	127	170
585	818	56	129	172
586	818	52	130	169
587	818	49	127	166
588	818	48	123	162
589	818	49	124	163
590	818	51	125	164
591	818	51	124	165
592	818	50	123	164
593	818	50	123	166
594	818	47	120	163
595	818	47	120	163
596	818	49	124	164
597	818	49	124	164
487	819	50	130	167
488	819	43	121	160
489	819	49	124	164
490	819	58	133	173
491	819	57	132	172
492	819	52	130	168
493	819	49	124	164
494	819	47	122	162
495	819	47	120	163
496	819	48	119	163
497	819	48	119	163
498	819	49	120	166
499	819	47	118	164
500	819	45	118	161
501	819	46	119	162
502	819	49	124	164
503	819	52	127	167
504	819	48	123	163
505	819	48	123	163
506	819	47	122	164
507	819	48	123	165
508	819	47	122	164
509	819	49	124	166
510	819	48	123	165
511	819	48	123	165
512	819	49	124	166
513	819	48	121	164
514	819	46	117	159
515	819	52	121	163
516	819	49	121	161
517	819	50	122	162
518	819	49	124	163
519	819	49	124	163
520	819	48	123	163
521	819	50	125	165
522	819	49	124	166
523	819	49	124	166
524	819	47	124	166
525	819	46	123	165
526	819	48	123	165
527	819	51	126	168
528	819	50	125	167
529	819	47	122	164
530	819	43	116	159
531	819	46	119	162
532	819	49	122	165
533	819	49	122	165
534	819	49	124	163
535	819	51	126	165
536	819	53	127	166
537	819	48	122	161
538	819	50	125	165
539	819	54	129	169
540	819	53	128	168
541	819	51	126	166
542	819	49	122	163
543	819	48	121	162
544	819	44	119	161
545	819	46	121	163
546	819	50	125	167
547	819	49	124	166
548	819	46	119	162
549	819	46	119	162
550	819	49	122	167
551	819	49	122	167
552	819	48	122	167
553	819	47	121	166
554	819	50	124	169
555	819	52	126	171
556	819	48	125	167
557	819	48	125	167
558	819	48	125	167
559	819	48	125	167
560	819	50	127	169
561	819	49	126	168
562	819	49	124	166
563	819	46	121	163
564	819	44	118	163
565	819	45	119	164
566	819	47	121	166
567	819	48	122	167
568	819	48	122	167
569	819	50	124	169
570	819	51	125	170
571	819	47	121	166
572	819	44	117	160
573	819	48	121	164
574	819	49	120	162
575	819	49	120	162
576	819	49	122	165
577	819	48	121	164
578	819	50	125	167
579	819	47	122	164
580	819	45	119	164
581	819	47	121	166
582	819	50	123	168
583	819	54	127	172
584	819	53	126	169
585	819	53	128	170
586	819	52	130	169
587	819	47	126	165
588	819	46	124	162
589	819	50	125	164
590	819	52	126	165
591	819	51	122	164
592	819	46	119	160
593	819	45	118	161
594	819	48	121	164
595	819	49	122	165
596	819	48	123	163
597	819	51	126	166
487	820	45	125	162
488	820	33	112	151
489	820	44	122	161
490	820	53	128	168
491	820	57	132	172
492	820	50	128	167
493	820	51	126	168
494	820	49	124	166
495	820	47	120	165
496	820	48	119	165
497	820	49	120	166
498	820	46	119	164
499	820	47	120	165
500	820	48	121	166
501	820	46	119	164
502	820	50	123	164
503	820	54	127	168
504	820	49	122	163
505	820	50	123	164
506	820	49	124	166
507	820	49	124	166
508	820	47	122	164
509	820	47	122	164
510	820	47	122	164
511	820	49	124	166
512	820	50	124	169
513	820	50	123	168
514	820	47	118	162
515	820	49	117	162
516	820	46	115	157
517	820	47	116	158
518	820	48	121	162
519	820	49	122	163
520	820	48	123	163
521	820	49	124	164
522	820	50	125	167
523	820	50	125	167
524	820	49	124	164
525	820	48	123	163
526	820	45	118	159
527	820	48	121	162
528	820	48	123	165
529	820	48	123	165
530	820	48	121	166
531	820	51	124	169
532	820	51	126	168
533	820	50	125	167
534	820	50	125	164
535	820	54	129	168
536	820	54	128	167
537	820	49	123	162
538	820	51	126	166
539	820	53	128	168
540	820	51	128	170
541	820	52	129	171
542	820	50	125	165
543	820	48	123	163
544	820	47	122	162
545	820	47	122	162
546	820	51	126	168
547	820	52	127	169
548	820	48	121	164
549	820	46	119	162
550	820	48	121	166
551	820	48	121	166
552	820	47	121	166
553	820	49	123	168
554	820	49	123	168
555	820	51	125	170
556	820	48	125	167
557	820	48	125	167
558	820	49	126	168
559	820	45	122	164
560	820	47	125	164
561	820	50	128	167
562	820	52	127	169
563	820	50	125	167
564	820	47	121	166
565	820	47	121	166
566	820	48	122	167
567	820	47	121	166
568	820	50	124	169
569	820	50	124	169
570	820	50	124	169
571	820	50	124	169
572	820	50	123	166
573	820	49	122	165
574	820	49	120	162
575	820	49	120	162
576	820	48	121	164
577	820	51	124	167
578	820	51	125	170
579	820	50	124	169
580	820	47	121	168
581	820	49	123	170
582	820	53	126	171
583	820	50	123	168
584	820	49	122	165
585	820	48	123	165
586	820	49	127	166
587	820	48	127	166
588	820	48	126	164
589	820	52	127	166
590	820	53	127	166
591	820	51	122	164
592	820	46	119	160
593	820	44	117	160
594	820	47	120	163
595	820	50	123	166
596	820	52	127	167
597	820	54	129	169
487	821	50	128	167
488	821	44	121	163
489	821	43	118	160
490	821	48	123	165
491	821	48	123	165
492	821	45	122	164
493	821	44	121	163
494	821	45	119	164
495	821	41	115	160
496	821	44	118	163
497	821	46	120	165
498	821	45	118	163
499	821	48	121	166
500	821	53	126	171
501	821	49	122	167
502	821	47	120	161
503	821	50	123	164
504	821	49	124	164
505	821	50	125	165
506	821	50	125	167
507	821	49	124	166
508	821	47	121	166
509	821	48	122	167
510	821	49	124	166
511	821	49	124	166
512	821	51	124	169
513	821	52	123	169
514	821	50	121	165
515	821	53	121	166
516	821	51	120	162
517	821	50	119	161
518	821	49	122	163
519	821	49	122	163
520	821	49	122	163
521	821	49	122	163
522	821	47	122	164
523	821	49	124	166
524	821	49	124	164
525	821	48	123	163
526	821	45	119	158
527	821	44	117	158
528	821	47	122	162
529	821	48	123	165
530	821	48	122	167
531	821	50	124	169
532	821	50	127	169
533	821	48	125	167
534	821	47	125	163
535	821	50	128	166
536	821	53	128	167
537	821	46	121	161
538	821	47	122	162
539	821	48	123	165
540	821	47	124	166
541	821	50	127	169
542	821	47	125	164
543	821	47	125	164
544	821	49	124	166
545	821	47	122	164
546	821	50	123	166
547	821	52	125	168
548	821	52	125	168
549	821	50	123	166
550	821	49	124	166
551	821	48	123	165
552	821	48	123	165
553	821	49	124	166
554	821	46	123	165
555	821	47	124	166
556	821	48	123	165
557	821	48	123	165
558	821	47	122	164
559	821	44	119	161
560	821	46	123	165
561	821	48	125	167
562	821	50	125	167
563	821	50	125	167
564	821	50	125	167
565	821	51	126	168
566	821	50	125	167
567	821	48	123	165
568	821	48	123	165
569	821	51	126	168
570	821	49	124	166
571	821	49	124	166
572	821	50	123	166
573	821	50	123	166
574	821	49	120	164
575	821	44	115	159
576	821	47	118	160
577	821	49	120	162
578	821	50	123	166
579	821	50	123	166
580	821	48	122	167
581	821	48	122	167
582	821	48	121	166
583	821	49	122	167
584	821	49	122	165
585	821	49	122	165
586	821	47	125	164
587	821	49	127	166
588	821	51	126	166
589	821	51	126	166
590	821	52	125	166
591	821	49	122	163
592	821	45	116	160
593	821	46	117	161
594	821	44	117	158
595	821	48	121	162
596	821	55	130	170
597	821	54	129	169
487	822	49	126	168
488	822	52	127	169
489	822	47	122	164
490	822	47	120	163
491	822	48	121	164
492	822	48	121	166
493	822	47	120	165
494	822	41	115	160
495	822	42	116	161
496	822	46	120	165
497	822	45	119	164
498	822	46	120	165
499	822	47	121	166
500	822	52	125	168
501	822	50	123	166
502	822	48	121	162
503	822	50	123	164
504	822	51	124	165
505	822	50	123	164
506	822	49	124	166
507	822	48	123	165
508	822	48	122	167
509	822	49	123	168
510	822	50	125	167
511	822	48	123	165
512	822	50	123	166
513	822	56	129	172
514	822	57	128	172
515	822	54	125	169
516	822	54	125	167
517	822	51	122	164
518	822	50	123	164
519	822	48	121	162
520	822	46	119	162
521	822	44	117	160
522	822	43	117	162
523	822	47	121	166
524	822	48	123	165
525	822	47	122	164
526	822	49	122	163
527	822	49	122	163
528	822	50	123	164
529	822	51	124	167
530	822	50	125	167
531	822	51	125	170
532	822	52	126	171
533	822	48	122	167
534	822	48	123	163
535	822	54	129	169
536	822	53	131	169
537	822	48	126	165
538	822	48	126	165
539	822	49	126	168
540	822	50	125	167
541	822	50	125	167
542	822	49	124	164
543	822	49	124	164
544	822	48	121	164
545	822	48	121	164
546	822	48	121	164
547	822	50	123	166
548	822	51	124	167
549	822	50	123	166
550	822	48	123	165
551	822	48	123	165
552	822	45	122	164
553	822	45	122	164
554	822	43	121	160
555	822	42	120	159
556	822	46	121	163
557	822	47	122	164
558	822	47	122	164
559	822	48	123	165
560	822	49	126	168
561	822	48	125	167
562	822	49	126	168
563	822	50	127	169
564	822	53	128	170
565	822	52	127	169
566	822	49	124	166
567	822	48	123	165
568	822	48	126	165
569	822	50	128	167
570	822	51	126	166
571	822	50	125	165
572	822	51	124	167
573	822	50	123	166
574	822	50	121	165
575	822	46	117	161
576	822	49	118	159
577	822	51	120	161
578	822	49	120	162
579	822	52	123	165
580	822	49	122	165
581	822	48	121	164
582	822	49	122	165
583	822	48	121	164
584	822	53	126	167
585	822	52	125	166
586	822	51	126	165
587	822	52	127	166
588	822	52	127	167
589	822	53	128	168
590	822	53	128	170
591	822	53	126	169
592	822	46	119	160
593	822	45	116	158
594	822	46	117	159
595	822	46	117	159
596	822	44	119	159
597	822	47	122	162
487	823	48	122	167
488	823	47	120	163
489	823	46	119	162
490	823	47	118	164
491	823	49	120	166
492	823	49	119	168
493	823	49	119	168
494	823	51	125	170
495	823	50	124	169
496	823	47	124	168
497	823	47	124	168
498	823	50	124	169
499	823	49	123	168
500	823	50	123	166
501	823	47	120	163
502	823	49	122	163
503	823	49	122	163
504	823	52	125	166
505	823	50	123	164
506	823	50	123	166
507	823	49	122	165
508	823	50	123	168
509	823	51	124	169
510	823	52	125	168
511	823	50	123	166
512	823	48	121	164
513	823	51	124	167
514	823	51	122	166
515	823	51	122	166
516	823	55	128	169
517	823	51	124	165
518	823	49	124	166
519	823	50	125	167
520	823	49	122	167
521	823	43	116	161
522	823	39	113	160
523	823	46	120	167
524	823	47	121	168
525	823	45	119	166
526	823	49	122	167
527	823	50	123	168
528	823	52	125	166
529	823	50	123	166
530	823	50	123	166
531	823	49	122	167
532	823	52	123	169
533	823	50	121	167
534	823	48	121	162
535	823	51	126	166
536	823	51	129	167
537	823	49	128	167
538	823	48	126	165
539	823	51	126	168
540	823	51	126	168
541	823	51	124	167
542	823	50	123	164
543	823	45	118	159
544	823	45	118	161
545	823	48	121	164
546	823	49	122	165
547	823	50	123	166
548	823	51	124	167
549	823	50	123	166
550	823	48	123	163
551	823	49	124	164
552	823	46	124	163
553	823	46	124	163
554	823	43	121	160
555	823	42	120	159
556	823	47	122	164
557	823	48	123	165
558	823	51	124	167
559	823	53	126	169
560	823	47	125	163
561	823	48	126	164
562	823	48	126	165
563	823	48	126	165
564	823	48	125	167
565	823	48	125	167
566	823	47	124	166
567	823	47	124	166
568	823	47	124	166
569	823	47	124	166
570	823	48	126	165
571	823	50	125	165
572	823	50	125	165
573	823	51	124	165
574	823	50	121	163
575	823	47	118	160
576	823	50	119	158
577	823	51	120	159
578	823	51	123	163
579	823	53	125	165
580	823	51	124	165
581	823	48	121	162
582	823	42	117	157
583	823	49	124	164
584	823	52	126	165
585	823	51	125	164
586	823	54	128	167
587	823	53	127	166
588	823	53	126	167
589	823	54	127	168
590	823	51	126	168
591	823	53	126	169
592	823	49	122	163
593	823	48	119	161
594	823	51	122	164
595	823	47	118	160
596	823	43	116	157
597	823	49	122	163
487	824	45	123	162
488	824	47	122	164
489	824	46	119	164
490	824	45	118	163
491	824	47	117	166
492	824	48	118	167
493	824	50	120	169
494	824	55	130	172
495	824	54	129	171
496	824	52	129	171
497	824	49	126	168
498	824	54	129	169
499	824	54	129	169
500	824	50	124	163
501	824	46	120	159
502	824	47	120	161
503	824	49	122	163
504	824	50	125	167
505	824	46	121	163
506	824	48	122	167
507	824	50	124	169
508	824	51	125	170
509	824	48	122	167
510	824	50	123	166
511	824	54	127	170
512	824	55	126	170
513	824	48	119	163
514	824	46	119	160
515	824	50	123	164
516	824	52	130	169
517	824	52	130	169
518	824	55	130	172
519	824	54	128	173
520	824	51	123	171
521	824	46	118	168
522	824	48	120	170
523	824	49	121	171
524	824	50	124	171
525	824	48	122	169
526	824	47	124	166
527	824	48	125	167
528	824	52	127	169
529	824	49	122	165
530	824	43	116	161
531	824	44	115	161
532	824	47	118	162
533	824	47	118	162
534	824	44	119	158
535	824	48	123	162
536	824	49	127	165
537	824	47	125	163
538	824	51	126	166
539	824	48	123	163
540	824	51	124	165
541	824	51	124	165
542	824	50	123	164
543	824	43	116	157
544	824	46	119	160
545	824	48	121	162
546	824	51	124	165
547	824	51	124	165
548	824	51	124	167
549	824	51	124	167
550	824	48	123	165
551	824	52	127	169
552	824	55	130	170
553	824	47	122	162
554	824	49	122	163
555	824	45	118	159
556	824	47	122	161
557	824	51	126	165
558	824	46	126	163
559	824	47	127	164
560	824	48	126	165
561	824	46	124	163
562	824	47	125	164
563	824	46	124	163
564	824	45	124	163
565	824	50	129	168
566	824	51	133	173
567	824	45	127	167
568	824	45	124	165
569	824	45	122	164
570	824	48	125	167
571	824	51	126	168
572	824	51	124	165
573	824	49	122	163
574	824	48	122	161
575	824	47	121	160
576	824	51	123	163
577	824	50	122	162
578	824	53	124	166
579	824	52	123	165
580	824	53	124	166
581	824	51	122	164
582	824	46	118	158
583	824	50	122	162
584	824	53	127	164
585	824	50	124	161
586	824	52	126	163
587	824	52	126	163
588	824	51	127	163
589	824	52	128	164
590	824	51	126	165
591	824	53	127	166
592	824	50	123	164
593	824	46	117	159
594	824	49	122	163
595	824	51	124	165
596	824	49	123	162
597	824	52	126	165
487	825	44	122	161
488	825	45	120	162
489	825	48	121	164
490	825	49	122	167
491	825	49	120	166
492	825	48	119	165
493	825	48	119	165
494	825	51	126	168
495	825	51	126	168
496	825	48	126	165
497	825	47	125	164
498	825	50	125	164
499	825	52	127	166
500	825	51	125	164
501	825	49	123	162
502	825	50	124	163
503	825	50	124	163
504	825	48	121	162
505	825	47	120	161
506	825	47	122	164
507	825	48	123	165
508	825	48	123	165
509	825	48	123	165
510	825	49	124	166
511	825	52	127	169
512	825	50	123	166
513	825	49	122	165
514	825	48	123	163
515	825	48	123	163
516	825	50	128	167
517	825	52	130	169
518	825	52	129	171
519	825	50	127	171
520	825	49	123	168
521	825	49	123	170
522	825	52	124	172
523	825	50	122	170
524	825	50	124	169
525	825	50	124	169
526	825	48	125	167
527	825	48	125	167
528	825	52	127	169
529	825	54	129	171
530	825	53	126	169
531	825	50	123	166
532	825	52	123	167
533	825	46	117	161
534	825	41	116	155
535	825	46	121	160
536	825	51	129	167
537	825	51	129	167
538	825	49	124	163
539	825	47	122	161
540	825	49	123	162
541	825	50	124	163
542	825	49	123	162
543	825	46	120	159
544	825	43	116	157
545	825	50	123	164
546	825	52	125	166
547	825	50	123	164
548	825	48	121	162
549	825	48	121	162
550	825	48	123	163
551	825	52	127	167
552	825	57	130	171
553	825	52	125	166
554	825	49	122	163
555	825	44	117	158
556	825	48	123	162
557	825	50	125	164
558	825	46	126	163
559	825	48	128	165
560	825	47	125	164
561	825	46	124	163
562	825	49	127	166
563	825	47	125	164
564	825	45	124	163
565	825	50	129	168
566	825	53	135	173
567	825	48	130	168
568	825	44	123	164
569	825	40	117	159
570	825	46	123	165
571	825	52	127	169
572	825	49	122	163
573	825	50	123	164
574	825	51	125	164
575	825	43	117	156
576	825	45	119	158
577	825	51	125	164
578	825	52	123	165
579	825	50	121	163
580	825	52	123	165
581	825	52	123	165
582	825	50	121	163
583	825	53	124	166
584	825	51	125	164
585	825	48	122	161
586	825	51	125	162
587	825	53	127	164
588	825	51	126	165
589	825	50	125	164
590	825	50	125	164
591	825	49	124	163
592	825	48	122	161
593	825	50	124	163
594	825	49	122	163
595	825	50	123	164
596	825	50	124	163
597	825	48	122	161
487	826	45	123	162
488	826	46	121	161
489	826	48	123	163
490	826	50	123	166
491	826	48	121	164
492	826	48	121	164
493	826	47	120	163
494	826	50	125	165
495	826	50	125	165
496	826	48	126	164
497	826	47	125	163
498	826	46	121	160
499	826	47	122	161
500	826	50	123	164
501	826	50	123	164
502	826	50	123	164
503	826	50	123	164
504	826	50	123	164
505	826	47	120	161
506	826	44	119	159
507	826	47	122	162
508	826	48	123	165
509	826	49	124	166
510	826	49	124	166
511	826	48	123	165
512	826	48	121	162
513	826	49	122	163
514	826	47	122	162
515	826	46	121	161
516	826	46	124	163
517	826	46	124	163
518	826	46	123	165
519	826	46	123	165
520	826	48	122	167
521	826	50	124	169
522	826	51	125	170
523	826	49	123	168
524	826	50	124	169
525	826	50	124	169
526	826	48	125	167
527	826	48	125	167
528	826	49	126	168
529	826	55	130	172
530	826	53	128	170
531	826	55	128	171
532	826	55	128	169
533	826	51	124	165
534	826	45	120	160
535	826	48	123	163
536	826	54	129	168
537	826	55	130	169
538	826	50	125	164
539	826	49	124	163
540	826	49	123	162
541	826	51	125	164
542	826	49	123	162
543	826	48	122	161
544	826	49	122	163
545	826	51	124	165
546	826	50	123	164
547	826	49	122	163
548	826	48	121	162
549	826	48	121	162
550	826	48	123	163
551	826	49	124	164
552	826	55	128	169
553	826	51	124	165
554	826	48	122	161
555	826	45	119	158
556	826	48	123	162
557	826	49	124	163
558	826	47	125	163
559	826	46	124	162
560	826	47	125	164
561	826	44	122	161
562	826	44	122	161
563	826	47	125	164
564	826	46	126	163
565	826	48	128	165
566	826	54	133	172
567	826	52	131	170
568	826	42	121	162
569	826	35	112	154
570	826	39	116	160
571	826	48	122	167
572	826	51	124	165
573	826	54	127	168
574	826	54	128	167
575	826	46	120	159
576	826	44	117	158
577	826	51	124	165
578	826	51	124	165
579	826	49	122	163
580	826	52	123	167
581	826	51	122	166
582	826	49	120	164
583	826	51	122	166
584	826	48	121	162
585	826	48	121	162
586	826	52	126	165
587	826	52	126	165
588	826	50	125	164
589	826	50	125	164
590	826	50	125	164
591	826	47	122	161
592	826	50	125	164
593	826	52	127	166
594	826	53	126	167
595	826	53	126	167
596	826	49	122	163
597	826	44	117	158
487	827	48	126	165
488	827	48	123	163
489	827	48	123	163
490	827	49	122	163
491	827	50	123	164
492	827	50	123	164
493	827	50	123	164
494	827	51	126	166
495	827	51	126	166
496	827	47	125	164
497	827	47	125	164
498	827	48	123	163
499	827	47	122	162
500	827	50	123	166
501	827	51	124	167
502	827	49	122	165
503	827	49	122	165
504	827	47	120	161
505	827	48	121	162
506	827	48	121	162
507	827	49	122	163
508	827	46	121	163
509	827	46	121	163
510	827	49	123	168
511	827	51	124	169
512	827	49	122	163
513	827	49	120	162
514	827	48	121	162
515	827	48	121	162
516	827	47	122	164
517	827	46	121	163
518	827	47	122	164
519	827	49	124	166
520	827	49	122	165
521	827	50	123	166
522	827	51	124	167
523	827	51	124	167
524	827	50	125	167
525	827	51	126	168
526	827	48	125	169
527	827	49	126	170
528	827	48	125	167
529	827	49	126	168
530	827	52	127	169
531	827	49	124	166
532	827	53	126	167
533	827	51	124	165
534	827	48	123	165
535	827	48	123	165
536	827	50	125	165
537	827	50	125	165
538	827	50	124	163
539	827	49	123	162
540	827	48	122	159
541	827	51	125	162
542	827	48	123	162
543	827	50	125	164
544	827	51	124	165
545	827	48	121	162
546	827	47	120	161
547	827	49	122	163
548	827	49	122	163
549	827	48	121	162
550	827	48	123	163
551	827	50	125	165
552	827	52	127	167
553	827	49	124	164
554	827	51	125	164
555	827	48	122	161
556	827	49	123	162
557	827	49	123	162
558	827	44	122	160
559	827	44	122	160
560	827	45	123	162
561	827	42	120	159
562	827	45	123	161
563	827	48	126	164
564	827	50	128	166
565	827	50	128	166
566	827	54	133	172
567	827	59	138	177
568	827	49	128	169
569	827	43	120	162
570	827	44	121	165
571	827	49	123	168
572	827	52	125	166
573	827	53	126	167
574	827	51	126	165
575	827	50	125	164
576	827	49	122	163
577	827	50	123	164
578	827	49	122	165
579	827	48	121	164
580	827	48	119	163
581	827	48	119	163
582	827	47	118	162
583	827	48	119	163
584	827	46	119	162
585	827	45	118	161
586	827	50	123	164
587	827	49	122	163
588	827	49	122	163
589	827	51	124	165
590	827	52	125	166
591	827	49	122	163
592	827	48	123	162
593	827	50	124	163
594	827	52	125	166
595	827	51	122	164
596	827	45	118	161
597	827	46	119	162
487	828	49	124	164
488	828	47	122	164
489	828	46	121	163
490	828	49	122	163
491	828	50	123	164
492	828	49	122	163
493	828	47	120	161
494	828	48	121	162
495	828	48	121	162
496	828	48	123	163
497	828	49	124	164
498	828	50	125	167
499	828	51	126	168
500	828	54	127	172
501	828	55	128	173
502	828	51	124	167
503	828	49	122	165
504	828	48	121	162
505	828	51	124	165
506	828	50	123	164
507	828	48	121	162
508	828	47	122	164
509	828	49	124	166
510	828	50	124	169
511	828	48	121	166
512	828	48	121	162
513	828	49	120	162
514	828	49	122	165
515	828	48	121	164
516	828	48	123	165
517	828	47	122	164
518	828	49	122	165
519	828	49	122	165
520	828	49	122	165
521	828	49	122	165
522	828	50	123	166
523	828	51	124	167
524	828	50	125	167
525	828	50	125	167
526	828	50	124	169
527	828	50	124	169
528	828	49	126	170
529	828	51	128	172
530	828	51	126	168
531	828	49	124	166
532	828	48	121	164
533	828	52	125	168
534	828	48	122	167
535	828	48	122	167
536	828	48	123	165
537	828	48	123	165
538	828	49	123	162
539	828	47	121	160
540	828	48	122	161
541	828	50	124	163
542	828	49	124	164
543	828	54	129	169
544	828	53	128	168
545	828	49	124	164
546	828	49	122	163
547	828	49	122	163
548	828	50	123	164
549	828	49	122	163
550	828	46	121	161
551	828	49	124	164
552	828	49	124	164
553	828	51	126	166
554	828	52	125	166
555	828	49	122	163
556	828	50	124	163
557	828	47	121	160
558	828	44	119	158
559	828	49	124	163
560	828	50	128	167
561	828	48	126	165
562	828	47	125	163
563	828	47	125	163
564	828	46	124	162
565	828	46	124	162
566	828	51	130	169
567	828	54	133	172
568	828	54	131	173
569	828	47	124	166
570	828	49	123	168
571	828	47	121	166
572	828	48	123	165
573	828	50	125	167
574	828	50	125	164
575	828	49	124	163
576	828	50	125	165
577	828	50	125	165
578	828	49	122	165
579	828	50	123	166
580	828	49	122	167
581	828	48	121	166
582	828	51	122	168
583	828	48	119	165
584	828	48	119	163
585	828	47	118	162
586	828	52	125	166
587	828	50	123	164
588	828	49	122	163
589	828	49	122	163
590	828	48	121	162
591	828	53	126	167
592	828	49	124	163
593	828	50	124	163
594	828	49	122	163
595	828	44	115	157
596	828	44	115	159
597	828	50	121	167
487	829	45	120	162
488	829	47	122	164
489	829	45	120	162
490	829	47	122	164
491	829	46	121	163
492	829	44	117	160
493	829	42	115	158
494	829	45	116	160
495	829	45	116	160
496	829	47	120	163
497	829	48	121	164
498	829	47	120	163
499	829	49	122	165
500	829	50	123	168
501	829	51	124	169
502	829	50	123	166
503	829	47	120	163
504	829	48	121	162
505	829	50	123	164
506	829	50	124	163
507	829	48	122	161
508	829	49	122	163
509	829	50	123	164
510	829	49	124	166
511	829	47	122	164
512	829	50	123	164
513	829	49	122	163
514	829	51	124	167
515	829	52	125	168
516	829	51	126	168
517	829	50	125	167
518	829	50	125	167
519	829	48	123	165
520	829	49	122	165
521	829	50	123	166
522	829	51	124	167
523	829	51	124	167
524	829	50	124	169
525	829	50	124	169
526	829	51	125	170
527	829	50	124	169
528	829	47	124	168
529	829	48	125	169
530	829	49	123	168
531	829	43	117	162
532	829	47	121	166
533	829	49	123	168
534	829	50	124	169
535	829	51	125	170
536	829	50	125	167
537	829	50	125	167
538	829	50	123	164
539	829	47	120	161
540	829	49	122	163
541	829	48	121	162
542	829	49	124	164
543	829	52	127	167
544	829	53	128	168
545	829	49	124	164
546	829	49	122	163
547	829	48	121	162
548	829	50	123	164
549	829	47	120	161
550	829	41	116	156
551	829	46	121	161
552	829	48	123	163
553	829	48	123	163
554	829	48	121	162
555	829	48	121	162
556	829	49	123	162
557	829	47	121	160
558	829	47	122	161
559	829	52	127	166
560	829	52	130	169
561	829	49	127	166
562	829	49	124	163
563	829	49	124	163
564	829	46	121	160
565	829	44	119	158
566	829	48	126	165
567	829	47	125	164
568	829	47	124	166
569	829	44	121	163
570	829	49	124	166
571	829	47	122	164
572	829	46	121	163
573	829	46	121	163
574	829	44	122	161
575	829	46	124	163
576	829	49	124	166
577	829	53	128	170
578	829	53	128	170
579	829	52	127	169
580	829	52	125	168
581	829	52	125	168
582	829	53	124	168
583	829	50	121	165
584	829	52	123	167
585	829	53	124	168
586	829	56	127	171
587	829	51	122	166
588	829	50	121	163
589	829	46	117	159
590	829	44	115	157
591	829	52	123	165
592	829	53	127	166
593	829	52	126	165
594	829	53	124	166
595	829	49	120	162
596	829	47	118	162
597	829	50	121	165
487	830	48	121	166
488	830	49	123	168
489	830	47	121	166
490	830	47	122	164
491	830	46	121	163
492	830	44	117	160
493	830	41	114	157
494	830	44	115	161
495	830	47	118	164
496	830	49	120	166
497	830	50	121	167
498	830	48	121	166
499	830	47	120	165
500	830	46	119	164
501	830	47	120	165
502	830	49	122	165
503	830	49	122	165
504	830	45	118	159
505	830	46	119	160
506	830	46	119	160
507	830	45	118	159
508	830	49	122	163
509	830	49	122	163
510	830	50	123	164
511	830	50	123	164
512	830	50	123	166
513	830	50	123	166
514	830	51	126	166
515	830	52	127	167
516	830	53	128	168
517	830	51	126	166
518	830	51	124	165
519	830	50	123	164
520	830	50	123	166
521	830	52	125	168
522	830	51	124	167
523	830	49	122	165
524	830	51	125	170
525	830	50	124	169
526	830	51	125	170
527	830	51	125	170
528	830	48	122	167
529	830	48	122	167
530	830	48	122	167
531	830	46	120	165
532	830	45	119	164
533	830	50	124	169
534	830	49	126	168
535	830	53	130	172
536	830	53	130	172
537	830	49	126	168
538	830	49	124	166
539	830	47	122	164
540	830	50	123	166
541	830	50	123	166
542	830	48	123	163
543	830	49	124	164
544	830	49	124	166
545	830	48	123	165
546	830	48	121	164
547	830	48	121	164
548	830	50	123	164
549	830	49	122	163
550	830	46	121	161
551	830	51	126	166
552	830	50	125	165
553	830	46	121	161
554	830	47	121	160
555	830	50	124	163
556	830	50	124	163
557	830	48	122	161
558	830	48	122	161
559	830	51	125	164
560	830	51	126	165
561	830	48	123	162
562	830	54	129	168
563	830	54	129	168
564	830	49	124	164
565	830	46	121	161
566	830	45	123	162
567	830	46	124	163
568	830	45	120	160
569	830	42	117	157
570	830	45	120	160
571	830	46	121	161
572	830	48	123	165
573	830	48	123	165
574	830	43	120	162
575	830	44	121	163
576	830	49	126	168
577	830	51	128	170
578	830	53	128	170
579	830	50	125	167
580	830	52	125	168
581	830	53	126	169
582	830	52	125	168
583	830	53	126	169
584	830	53	124	166
585	830	53	124	166
586	830	53	124	166
587	830	50	121	163
588	830	52	123	165
589	830	51	122	164
590	830	50	121	163
591	830	53	124	166
592	830	55	127	167
593	830	54	126	166
594	830	56	127	169
595	830	57	128	170
596	830	52	123	167
597	830	51	122	166
487	831	48	121	166
488	831	50	123	168
489	831	48	121	166
490	831	47	121	166
491	831	48	122	167
492	831	46	119	164
493	831	41	112	158
494	831	43	113	162
495	831	51	119	168
496	831	53	121	170
497	831	52	120	169
498	831	49	119	168
499	831	49	119	168
500	831	49	122	167
501	831	50	123	168
502	831	47	120	165
503	831	47	120	165
504	831	46	119	162
505	831	46	119	162
506	831	47	120	163
507	831	42	115	158
508	831	48	121	162
509	831	47	120	161
510	831	49	122	163
511	831	50	123	164
512	831	50	123	166
513	831	51	124	167
514	831	51	124	165
515	831	50	123	164
516	831	52	125	166
517	831	51	124	165
518	831	50	123	164
519	831	50	123	164
520	831	50	123	166
521	831	51	124	167
522	831	48	121	166
523	831	45	118	163
524	831	51	124	169
525	831	49	122	167
526	831	50	123	166
527	831	51	124	167
528	831	50	124	169
529	831	47	121	166
530	831	50	124	169
531	831	49	123	168
532	831	48	122	167
533	831	50	124	169
534	831	51	129	168
535	831	53	131	170
536	831	52	130	169
537	831	45	123	162
538	831	44	119	161
539	831	43	118	160
540	831	46	119	162
541	831	50	123	166
542	831	46	121	161
543	831	47	122	162
544	831	49	124	166
545	831	50	125	167
546	831	50	123	166
547	831	48	121	164
548	831	47	120	161
549	831	49	122	163
550	831	50	125	165
551	831	49	124	164
552	831	50	125	165
553	831	48	123	163
554	831	51	125	164
555	831	51	125	164
556	831	50	124	163
557	831	45	119	158
558	831	40	114	153
559	831	46	120	159
560	831	49	124	163
561	831	48	123	162
562	831	49	124	163
563	831	51	126	165
564	831	48	123	163
565	831	44	119	159
566	831	49	124	166
567	831	50	125	167
568	831	49	124	164
569	831	45	120	160
570	831	50	125	165
571	831	50	125	165
572	831	51	126	168
573	831	52	127	169
574	831	47	124	166
575	831	43	120	162
576	831	48	125	167
577	831	49	126	168
578	831	50	125	167
579	831	51	126	168
580	831	53	126	167
581	831	52	125	166
582	831	52	125	166
583	831	55	128	169
584	831	57	128	170
585	831	53	124	166
586	831	51	122	164
587	831	51	122	164
588	831	51	122	164
589	831	50	121	163
590	831	53	124	166
591	831	53	124	166
592	831	51	122	164
593	831	53	124	166
594	831	55	126	170
595	831	55	126	170
596	831	53	126	169
597	831	51	124	167
487	832	47	122	164
488	832	51	124	167
489	832	48	121	164
490	832	48	121	164
491	832	49	122	165
492	832	50	121	167
493	832	45	116	162
494	832	47	115	164
495	832	51	119	168
496	832	54	122	171
497	832	51	119	168
498	832	50	121	167
499	832	52	123	169
500	832	50	123	168
501	832	46	119	164
502	832	46	119	164
503	832	47	120	165
504	832	48	119	165
505	832	46	117	163
506	832	48	121	166
507	832	48	121	166
508	832	50	123	166
509	832	52	125	168
510	832	49	122	165
511	832	50	123	166
512	832	52	123	165
513	832	50	121	163
514	832	50	124	163
515	832	49	123	162
516	832	49	124	163
517	832	48	123	162
518	832	48	121	162
519	832	49	122	163
520	832	50	123	166
521	832	48	121	164
522	832	47	120	165
523	832	47	120	165
524	832	48	122	167
525	832	47	121	166
526	832	44	117	160
527	832	50	123	168
528	832	51	125	170
529	832	49	123	170
530	832	49	123	168
531	832	49	123	168
532	832	50	125	165
533	832	51	126	166
534	832	50	128	167
535	832	53	131	170
536	832	50	128	167
537	832	45	123	162
538	832	46	123	165
539	832	41	118	160
540	832	47	122	164
541	832	48	123	165
542	832	46	121	161
543	832	47	122	162
544	832	50	123	164
545	832	51	124	165
546	832	54	128	167
547	832	51	125	164
548	832	50	123	164
549	832	51	124	165
550	832	49	124	166
551	832	49	124	166
552	832	50	125	167
553	832	47	122	164
554	832	50	125	164
555	832	51	126	165
556	832	50	124	163
557	832	47	121	160
558	832	46	117	159
559	832	46	117	159
560	832	50	123	164
561	832	48	121	162
562	832	46	121	160
563	832	48	123	162
564	832	47	122	161
565	832	43	118	157
566	832	45	118	159
567	832	50	123	164
568	832	50	123	164
569	832	48	121	162
570	832	50	125	165
571	832	52	127	167
572	832	53	131	170
573	832	52	130	169
574	832	49	126	168
575	832	48	125	167
576	832	49	126	168
577	832	46	123	165
578	832	47	124	166
579	832	48	125	167
580	832	51	126	168
581	832	52	127	169
582	832	50	125	165
583	832	52	127	167
584	832	58	131	172
585	832	56	129	170
586	832	58	129	171
587	832	54	125	167
588	832	51	119	164
589	832	50	118	163
590	832	54	122	167
591	832	54	122	167
592	832	53	124	166
593	832	52	123	165
594	832	55	127	167
595	832	56	128	168
596	832	53	126	167
597	832	51	124	165
487	833	49	124	166
488	833	49	122	165
489	833	48	121	164
490	833	49	122	163
491	833	49	122	163
492	833	50	121	165
493	833	48	119	163
494	833	50	118	165
495	833	51	119	166
496	833	52	120	167
497	833	51	119	166
498	833	50	121	167
499	833	50	121	167
500	833	46	119	164
501	833	44	117	162
502	833	47	118	164
503	833	49	120	166
504	833	48	119	165
505	833	49	120	166
506	833	51	124	169
507	833	50	123	168
508	833	49	122	165
509	833	50	123	166
510	833	49	122	165
511	833	48	121	164
512	833	49	122	163
513	833	49	122	163
514	833	48	123	163
515	833	48	123	163
516	833	49	124	163
517	833	48	123	162
518	833	51	124	165
519	833	50	123	164
520	833	48	121	164
521	833	50	123	166
522	833	51	124	167
523	833	51	124	167
524	833	50	123	166
525	833	50	123	166
526	833	47	120	161
527	833	49	122	165
528	833	50	124	169
529	833	51	125	172
530	833	50	125	167
531	833	47	122	164
532	833	43	121	160
533	833	43	121	160
534	833	46	124	163
535	833	52	130	169
536	833	50	128	167
537	833	51	129	168
538	833	50	127	169
539	833	46	123	165
540	833	48	123	163
541	833	50	125	165
542	833	49	124	164
543	833	47	122	162
544	833	47	121	160
545	833	48	122	161
546	833	51	125	164
547	833	50	124	163
548	833	51	125	164
549	833	51	125	164
550	833	47	122	162
551	833	48	123	163
552	833	48	123	163
553	833	47	122	162
554	833	49	124	163
555	833	49	124	163
556	833	51	125	164
557	833	45	119	158
558	833	48	121	162
559	833	49	122	163
560	833	48	121	162
561	833	49	122	163
562	833	48	123	162
563	833	48	123	162
564	833	48	123	162
565	833	46	121	160
566	833	46	119	160
567	833	51	124	165
568	833	49	122	165
569	833	48	121	164
570	833	49	124	164
571	833	50	125	165
572	833	52	130	169
573	833	53	131	170
574	833	49	127	166
575	833	49	127	166
576	833	50	125	167
577	833	50	125	167
578	833	51	126	168
579	833	50	125	167
580	833	50	125	167
581	833	52	127	169
582	833	51	126	168
583	833	46	121	163
584	833	50	123	164
585	833	57	130	171
586	833	59	130	172
587	833	53	124	166
588	833	50	118	163
589	833	53	121	166
590	833	59	127	172
591	833	56	124	169
592	833	51	122	164
593	833	55	126	168
594	833	54	126	166
595	833	54	126	166
596	833	55	128	169
597	833	52	125	166
487	834	48	123	165
488	834	50	125	165
489	834	47	122	162
490	834	51	124	165
491	834	50	123	164
492	834	48	119	163
493	834	46	117	163
494	834	47	118	164
495	834	48	118	167
496	834	50	121	165
497	834	50	121	165
498	834	49	122	165
499	834	50	123	166
500	834	49	122	165
501	834	49	122	165
502	834	49	120	166
503	834	49	120	166
504	834	50	121	167
505	834	50	121	167
506	834	51	124	169
507	834	48	121	166
508	834	46	119	164
509	834	47	120	165
510	834	47	120	163
511	834	47	120	163
512	834	48	123	165
513	834	49	124	166
514	834	48	123	163
515	834	48	123	163
516	834	50	125	164
517	834	50	125	164
518	834	53	128	168
519	834	53	128	168
520	834	53	128	168
521	834	52	127	167
522	834	51	124	167
523	834	50	123	166
524	834	49	122	163
525	834	50	123	164
526	834	49	123	162
527	834	50	123	164
528	834	49	126	168
529	834	49	126	170
530	834	47	124	166
531	834	45	122	164
532	834	45	123	162
533	834	46	124	163
534	834	45	123	162
535	834	45	123	162
536	834	51	126	166
537	834	53	128	168
538	834	54	129	169
539	834	54	129	169
540	834	49	124	164
541	834	49	124	164
542	834	48	123	162
543	834	48	123	162
544	834	47	122	161
545	834	50	125	164
546	834	50	125	164
547	834	48	123	162
548	834	51	125	164
549	834	51	125	164
550	834	48	121	162
551	834	49	122	163
552	834	50	125	165
553	834	49	124	164
554	834	49	124	163
555	834	47	122	161
556	834	48	122	161
557	834	48	122	161
558	834	49	122	163
559	834	50	123	164
560	834	50	123	164
561	834	50	123	164
562	834	49	124	163
563	834	46	121	160
564	834	47	122	162
565	834	48	123	163
566	834	49	122	165
567	834	53	126	169
568	834	55	128	171
569	834	51	124	167
570	834	51	126	166
571	834	50	125	165
572	834	49	124	164
573	834	49	124	164
574	834	47	122	162
575	834	51	126	166
576	834	53	126	167
577	834	52	125	166
578	834	51	124	167
579	834	50	123	166
580	834	46	119	162
581	834	48	121	164
582	834	51	124	167
583	834	49	122	165
584	834	51	124	165
585	834	52	125	166
586	834	52	123	165
587	834	51	122	164
588	834	50	121	163
589	834	52	123	165
590	834	56	124	169
591	834	54	122	167
592	834	51	122	164
593	834	52	123	165
594	834	51	123	163
595	834	52	124	164
596	834	52	125	166
597	834	51	124	165
487	835	47	124	166
488	835	48	123	165
489	835	50	125	167
490	835	49	122	165
491	835	50	123	166
492	835	48	119	165
493	835	46	117	163
494	835	50	120	169
495	835	44	114	163
496	835	48	119	165
497	835	50	121	167
498	835	50	123	168
499	835	54	127	172
500	835	56	129	172
501	835	54	127	170
502	835	50	121	165
503	835	50	121	165
504	835	49	120	164
505	835	48	119	163
506	835	49	122	165
507	835	48	121	164
508	835	46	119	162
509	835	46	119	162
510	835	47	120	163
511	835	49	122	165
512	835	48	121	162
513	835	46	119	160
514	835	48	121	162
515	835	48	121	162
516	835	49	123	162
517	835	51	125	164
518	835	53	128	168
519	835	54	129	169
520	835	54	129	169
521	835	51	126	166
522	835	48	121	164
523	835	51	124	167
524	835	51	124	165
525	835	51	124	165
526	835	48	126	165
527	835	48	125	167
528	835	48	125	167
529	835	46	123	167
530	835	45	122	164
531	835	46	123	165
532	835	50	125	165
533	835	50	125	165
534	835	47	122	162
535	835	43	118	158
536	835	47	122	162
537	835	48	123	163
538	835	48	123	163
539	835	52	127	167
540	835	48	123	162
541	835	48	123	162
542	835	48	123	162
543	835	49	124	163
544	835	48	126	164
545	835	50	128	166
546	835	52	127	166
547	835	49	124	163
548	835	51	126	165
549	835	53	128	167
550	835	50	125	165
551	835	49	124	164
552	835	50	125	165
553	835	48	123	163
554	835	54	129	168
555	835	52	127	166
556	835	49	124	164
557	835	51	126	166
558	835	49	124	166
559	835	48	123	165
560	835	48	123	163
561	835	48	123	163
562	835	48	123	163
563	835	48	123	163
564	835	48	123	163
565	835	47	122	162
566	835	48	121	164
567	835	49	122	165
568	835	52	125	168
569	835	49	122	165
570	835	50	125	165
571	835	53	128	168
572	835	49	124	164
573	835	48	123	163
574	835	49	122	163
575	835	51	124	165
576	835	51	122	164
577	835	49	120	162
578	835	49	122	165
579	835	49	122	165
580	835	46	119	162
581	835	44	117	160
582	835	46	119	162
583	835	50	123	166
584	835	52	123	165
585	835	51	122	164
586	835	51	122	164
587	835	51	122	164
588	835	51	122	164
589	835	53	124	166
590	835	54	123	165
591	835	53	122	164
592	835	51	122	164
593	835	50	121	163
594	835	53	122	163
595	835	53	122	163
596	835	50	122	162
597	835	51	123	163
487	836	46	123	165
488	836	45	120	162
489	836	43	118	160
490	836	48	121	164
491	836	50	123	166
492	836	51	122	166
493	836	50	121	167
494	836	49	120	166
495	836	49	119	168
496	836	47	117	166
497	836	49	119	168
498	836	49	122	167
499	836	53	126	171
500	836	55	128	173
501	836	54	127	172
502	836	51	122	166
503	836	49	120	164
504	836	49	120	164
505	836	49	120	164
506	836	49	122	163
507	836	51	124	165
508	836	48	121	162
509	836	43	116	157
510	836	45	118	159
511	836	48	121	162
512	836	47	119	159
513	836	46	118	158
514	836	50	122	162
515	836	50	122	162
516	836	48	122	161
517	836	51	125	164
518	836	53	128	167
519	836	53	128	167
520	836	52	127	167
521	836	51	126	166
522	836	49	124	164
523	836	54	129	169
524	836	54	129	171
525	836	54	129	171
526	836	52	131	170
527	836	50	129	168
528	836	52	129	171
529	836	48	125	167
530	836	45	122	164
531	836	46	123	165
532	836	50	125	167
533	836	50	125	167
534	836	47	122	162
535	836	43	118	158
536	836	50	123	164
537	836	51	124	165
538	836	46	121	161
539	836	47	122	162
540	836	50	125	165
541	836	49	124	164
542	836	52	127	166
543	836	51	126	165
544	836	47	125	164
545	836	47	125	164
546	836	47	125	163
547	836	48	126	164
548	836	52	127	166
549	836	52	127	166
550	836	50	125	165
551	836	49	124	164
552	836	48	123	163
553	836	48	123	163
554	836	55	130	169
555	836	62	137	176
556	836	56	131	171
557	836	55	130	170
558	836	48	125	167
559	836	46	123	165
560	836	48	123	165
561	836	49	124	166
562	836	48	123	163
563	836	51	126	166
564	836	51	126	166
565	836	48	123	163
566	836	50	123	166
567	836	48	121	164
568	836	51	124	167
569	836	50	123	166
570	836	48	123	163
571	836	51	126	166
572	836	48	123	163
573	836	48	123	163
574	836	52	125	166
575	836	50	123	164
576	836	51	122	164
577	836	50	121	163
578	836	51	122	166
579	836	52	123	167
580	836	51	122	166
581	836	51	122	166
582	836	51	122	166
583	836	51	122	166
584	836	51	122	164
585	836	52	123	165
586	836	52	123	165
587	836	55	126	168
588	836	52	123	165
589	836	52	123	165
590	836	53	124	166
591	836	50	121	163
592	836	51	120	162
593	836	53	122	164
594	836	53	122	163
595	836	53	122	163
596	836	51	122	164
597	836	52	123	165
487	837	47	124	166
488	837	48	123	163
489	837	49	124	164
490	837	49	124	164
491	837	49	124	164
492	837	50	123	164
493	837	48	121	164
494	837	50	121	165
495	837	48	119	165
496	837	49	119	168
497	837	48	118	167
498	837	48	121	166
499	837	49	122	167
500	837	49	122	165
501	837	51	124	167
502	837	51	122	166
503	837	48	119	163
504	837	49	120	162
505	837	49	120	162
506	837	49	122	163
507	837	52	125	166
508	837	50	124	163
509	837	45	119	158
510	837	44	118	157
511	837	47	121	160
512	837	48	120	158
513	837	50	122	160
514	837	52	124	162
515	837	52	124	162
516	837	48	122	159
517	837	49	123	160
518	837	52	127	166
519	837	52	127	166
520	837	50	125	164
521	837	49	124	163
522	837	47	122	162
523	837	53	128	168
524	837	51	129	168
525	837	49	127	166
526	837	49	128	167
527	837	49	127	166
528	837	49	127	166
529	837	51	126	166
530	837	48	123	163
531	837	47	122	162
532	837	51	126	168
533	837	53	128	170
534	837	53	126	169
535	837	48	121	164
536	837	51	124	167
537	837	49	122	165
538	837	48	121	162
539	837	46	119	160
540	837	47	120	161
541	837	47	120	161
542	837	51	126	166
543	837	48	123	163
544	837	44	122	161
545	837	45	123	162
546	837	46	124	162
547	837	47	125	163
548	837	48	123	162
549	837	49	124	163
550	837	50	125	165
551	837	49	124	164
552	837	48	123	162
553	837	44	119	158
554	837	45	123	161
555	837	47	125	163
556	837	51	129	167
557	837	49	127	165
558	837	51	129	168
559	837	49	127	166
560	837	49	124	166
561	837	50	125	167
562	837	46	124	163
563	837	47	125	164
564	837	50	125	165
565	837	48	123	163
566	837	50	125	167
567	837	49	124	166
568	837	51	126	168
569	837	50	125	167
570	837	47	122	162
571	837	48	123	163
572	837	47	122	162
573	837	47	122	162
574	837	51	124	167
575	837	51	124	167
576	837	52	123	165
577	837	52	123	165
578	837	52	123	167
579	837	52	123	167
580	837	51	122	166
581	837	53	124	168
582	837	54	127	170
583	837	50	123	166
584	837	53	124	166
585	837	51	122	164
586	837	51	122	164
587	837	55	126	168
588	837	54	125	167
589	837	52	123	165
590	837	52	123	167
591	837	51	122	166
592	837	53	122	164
593	837	52	121	163
594	837	51	118	161
595	837	53	120	163
596	837	53	122	164
597	837	52	121	163
487	838	52	129	171
488	838	50	127	169
489	838	47	124	166
490	838	48	123	163
491	838	48	123	163
492	838	50	123	164
493	838	49	122	163
494	838	50	121	165
495	838	50	121	165
496	838	51	122	168
497	838	50	121	167
498	838	49	122	165
499	838	48	121	164
500	838	49	122	165
501	838	50	123	166
502	838	50	123	164
503	838	48	121	162
504	838	51	122	164
505	838	50	121	163
506	838	50	123	164
507	838	51	124	165
508	838	50	123	164
509	838	48	121	162
510	838	45	118	159
511	838	47	120	161
512	838	48	120	158
513	838	49	121	159
514	838	50	124	161
515	838	51	125	162
516	838	49	124	163
517	838	46	121	160
518	838	48	123	162
519	838	49	124	163
520	838	50	125	164
521	838	48	123	162
522	838	45	120	159
523	838	51	126	165
524	838	52	127	167
525	838	48	123	163
526	838	47	122	162
527	838	46	121	161
528	838	45	120	159
529	838	50	125	164
530	838	50	125	165
531	838	48	123	163
532	838	48	123	163
533	838	50	125	165
534	838	52	125	168
535	838	49	122	165
536	838	48	121	164
537	838	45	118	161
538	838	48	121	164
539	838	48	121	164
540	838	45	118	159
541	838	47	120	161
542	838	50	123	164
543	838	49	122	163
544	838	46	121	161
545	838	47	122	162
546	838	48	123	162
547	838	47	122	161
548	838	46	121	160
549	838	48	123	162
550	838	50	125	165
551	838	49	124	164
552	838	47	122	162
553	838	45	120	160
554	838	44	122	160
555	838	43	121	159
556	838	47	125	163
557	838	47	125	164
558	838	49	124	164
559	838	49	124	166
560	838	48	123	165
561	838	49	124	166
562	838	49	124	164
563	838	49	124	164
564	838	50	125	165
565	838	49	124	164
566	838	50	123	164
567	838	49	122	163
568	838	49	124	164
569	838	47	122	162
570	838	48	123	163
571	838	50	125	165
572	838	50	125	165
573	838	47	122	162
574	838	48	121	164
575	838	50	123	166
576	838	51	122	166
577	838	52	123	167
578	838	52	125	168
579	838	53	126	169
580	838	52	125	168
581	838	52	125	168
582	838	54	127	170
583	838	50	123	166
584	838	51	124	165
585	838	50	123	164
586	838	52	123	165
587	838	52	123	165
588	838	54	125	169
589	838	53	124	168
590	838	51	122	166
591	838	51	122	166
592	838	53	121	166
593	838	49	117	162
594	838	50	117	160
595	838	53	120	163
596	838	53	122	164
597	838	52	121	163
487	839	50	127	171
488	839	46	123	165
489	839	44	121	163
490	839	48	123	163
491	839	47	122	162
492	839	48	121	162
493	839	48	121	162
494	839	49	120	164
495	839	49	120	164
496	839	53	121	166
497	839	52	120	165
498	839	48	121	164
499	839	49	122	165
500	839	54	127	168
501	839	53	126	167
502	839	50	123	164
503	839	48	121	162
504	839	46	119	160
505	839	49	122	163
506	839	50	123	164
507	839	49	122	163
508	839	50	123	164
509	839	50	123	164
510	839	48	121	162
511	839	48	121	162
512	839	46	120	159
513	839	46	120	159
514	839	49	124	164
515	839	53	128	168
516	839	55	130	170
517	839	49	124	164
518	839	46	119	160
519	839	49	122	163
520	839	50	123	164
521	839	49	122	163
522	839	44	119	159
523	839	47	122	162
524	839	49	124	164
525	839	48	123	163
526	839	49	122	163
527	839	49	122	163
528	839	46	120	159
529	839	50	124	163
530	839	51	125	164
531	839	49	123	162
532	839	44	119	159
533	839	44	119	159
534	839	48	123	165
535	839	48	123	165
536	839	47	122	164
537	839	47	122	164
538	839	47	122	164
539	839	47	122	164
540	839	48	121	162
541	839	49	122	163
542	839	49	122	163
543	839	50	123	164
544	839	47	120	163
545	839	45	118	161
546	839	45	118	159
547	839	47	120	161
548	839	48	123	163
549	839	50	125	165
550	839	51	126	166
551	839	49	124	164
552	839	49	124	164
553	839	48	123	163
554	839	47	122	161
555	839	46	121	160
556	839	48	123	163
557	839	47	122	162
558	839	47	122	164
559	839	48	123	165
560	839	47	122	164
561	839	45	120	162
562	839	49	124	164
563	839	49	124	164
564	839	47	122	161
565	839	48	123	162
566	839	47	120	161
567	839	47	120	161
568	839	48	123	163
569	839	44	119	159
570	839	47	122	161
571	839	49	124	163
572	839	51	126	166
573	839	52	125	166
574	839	50	123	166
575	839	51	122	166
576	839	51	124	167
577	839	51	124	167
578	839	51	124	167
579	839	51	124	167
580	839	51	124	167
581	839	51	124	167
582	839	52	125	166
583	839	51	124	165
584	839	51	124	165
585	839	51	124	165
586	839	51	122	164
587	839	52	123	165
588	839	55	126	170
589	839	50	121	165
590	839	47	118	162
591	839	45	116	160
592	839	48	116	161
593	839	48	116	161
594	839	53	120	163
595	839	53	120	163
596	839	53	122	164
597	839	54	123	165
487	840	50	123	164
488	840	49	122	165
489	840	46	119	162
490	840	50	121	165
491	840	51	122	166
492	840	50	121	163
493	840	49	120	162
494	840	51	122	166
495	840	54	122	167
496	840	55	123	168
497	840	49	117	162
498	840	44	115	161
499	840	48	121	166
500	840	51	128	170
501	840	51	128	170
502	840	48	123	163
503	840	49	124	164
504	840	44	117	160
505	840	43	116	159
506	840	50	123	166
507	840	49	122	165
508	840	49	124	164
509	840	48	123	163
510	840	46	121	161
511	840	49	124	164
512	840	50	123	164
513	840	45	118	159
514	840	46	121	161
515	840	49	124	164
516	840	52	125	166
517	840	50	123	164
518	840	49	120	162
519	840	51	122	164
520	840	51	124	165
521	840	48	121	162
522	840	49	124	164
523	840	48	123	163
524	840	48	123	163
525	840	48	123	163
526	840	50	123	164
527	840	50	123	164
528	840	48	121	162
529	840	50	123	164
530	840	55	129	168
531	840	50	124	163
532	840	45	120	159
533	840	49	124	163
534	840	49	124	164
535	840	50	125	165
536	840	49	122	165
537	840	47	120	163
538	840	49	122	163
539	840	48	121	162
540	840	49	124	164
541	840	51	126	166
542	840	47	125	164
543	840	45	123	162
544	840	48	123	163
545	840	47	122	162
546	840	48	123	163
547	840	45	120	160
548	840	47	125	164
549	840	46	124	163
550	840	49	126	168
551	840	47	124	166
552	840	50	125	167
553	840	48	123	165
554	840	48	121	164
555	840	44	117	160
556	840	41	114	157
557	840	43	116	159
558	840	49	120	164
559	840	51	122	166
560	840	48	122	167
561	840	45	119	164
562	840	48	125	167
563	840	49	126	168
564	840	48	126	164
565	840	49	124	163
566	840	42	117	156
567	840	46	120	159
568	840	49	123	162
569	840	47	121	160
570	840	50	125	164
571	840	53	128	168
572	840	57	132	172
573	840	54	127	172
574	840	49	122	167
575	840	48	118	167
576	840	49	120	166
577	840	50	121	167
578	840	50	123	166
579	840	50	123	166
580	840	49	124	164
581	840	49	124	164
582	840	52	125	166
583	840	51	124	165
584	840	53	124	166
585	840	51	122	164
586	840	51	122	166
587	840	50	121	165
588	840	52	123	167
589	840	51	122	166
590	840	50	118	163
591	840	52	120	165
592	840	52	118	166
593	840	49	115	163
594	840	53	119	167
595	840	53	119	167
596	840	53	122	164
597	840	54	123	165
487	841	50	125	165
488	841	49	122	165
489	841	48	121	164
490	841	50	121	165
491	841	51	122	166
492	841	49	120	162
493	841	46	117	159
494	841	50	121	165
495	841	50	121	165
496	841	51	119	164
497	841	52	120	165
498	841	49	122	165
499	841	47	120	163
500	841	47	125	164
501	841	51	129	168
502	841	54	129	169
503	841	49	124	164
504	841	47	120	163
505	841	47	120	163
506	841	50	123	166
507	841	50	123	166
508	841	50	123	164
509	841	49	122	163
510	841	47	120	161
511	841	50	123	164
512	841	50	123	164
513	841	48	121	162
514	841	44	119	159
515	841	46	121	161
516	841	48	121	162
517	841	49	122	163
518	841	50	121	163
519	841	46	117	159
520	841	46	117	161
521	841	48	119	163
522	841	50	123	166
523	841	49	122	165
524	841	49	124	166
525	841	51	126	168
526	841	52	125	168
527	841	51	124	167
528	841	49	122	163
529	841	50	123	164
530	841	53	127	166
531	841	51	125	164
532	841	49	123	162
533	841	51	125	164
534	841	53	126	167
535	841	54	127	168
536	841	48	121	162
537	841	50	123	164
538	841	48	121	162
539	841	44	117	158
540	841	49	124	164
541	841	50	125	165
542	841	45	123	162
543	841	45	123	162
544	841	48	123	163
545	841	49	124	164
546	841	48	123	163
547	841	45	120	160
548	841	44	119	159
549	841	42	117	157
550	841	49	124	166
551	841	49	124	166
552	841	47	122	164
553	841	49	124	166
554	841	48	123	165
555	841	44	119	161
556	841	41	114	157
557	841	44	117	160
558	841	49	122	165
559	841	49	122	165
560	841	47	122	164
561	841	47	122	164
562	841	46	125	164
563	841	48	127	166
564	841	49	127	165
565	841	50	125	164
566	841	39	114	153
567	841	43	117	156
568	841	45	119	158
569	841	48	122	161
570	841	48	126	164
571	841	50	128	166
572	841	51	129	168
573	841	51	126	168
574	841	48	123	165
575	841	44	117	162
576	841	45	116	162
577	841	51	122	168
578	841	51	126	168
579	841	49	124	166
580	841	48	126	165
581	841	46	124	163
582	841	49	124	164
583	841	50	125	165
584	841	51	124	165
585	841	49	122	163
586	841	50	123	166
587	841	50	123	166
588	841	52	123	167
589	841	50	121	165
590	841	47	118	162
591	841	50	121	165
592	841	50	118	163
593	841	50	118	163
594	841	53	121	168
595	841	51	119	166
596	841	49	120	162
597	841	52	123	165
487	842	49	124	164
488	842	47	120	163
489	842	47	120	163
490	842	48	121	164
491	842	48	121	164
492	842	52	123	165
493	842	52	123	165
494	842	48	119	163
495	842	45	116	160
496	842	45	116	158
497	842	49	120	162
498	842	49	124	166
499	842	48	123	165
500	842	47	125	164
501	842	51	129	168
502	842	59	134	173
503	842	54	129	169
504	842	50	123	164
505	842	50	123	166
506	842	51	124	165
507	842	52	125	166
508	842	51	125	164
509	842	50	124	163
510	842	49	122	163
511	842	51	124	165
512	842	52	125	166
513	842	51	124	165
514	842	48	123	163
515	842	47	122	162
516	842	46	121	163
517	842	49	122	165
518	842	47	120	163
519	842	44	115	159
520	842	45	113	160
521	842	49	117	164
522	842	50	121	167
523	842	48	119	165
524	842	49	123	168
525	842	52	126	171
526	842	53	128	170
527	842	50	125	167
528	842	51	124	167
529	842	50	123	166
530	842	50	123	164
531	842	48	121	162
532	842	48	120	160
533	842	50	122	162
534	842	51	122	164
535	842	51	122	164
536	842	51	124	165
537	842	51	124	165
538	842	51	126	165
539	842	50	125	164
540	842	50	125	164
541	842	49	124	163
542	842	44	122	161
543	842	42	120	159
544	842	48	123	163
545	842	49	124	164
546	842	48	123	165
547	842	47	122	164
548	842	44	119	161
549	842	42	117	159
550	842	48	123	165
551	842	54	129	171
552	842	52	127	169
553	842	50	125	167
554	842	47	122	164
555	842	46	121	163
556	842	47	122	164
557	842	48	123	165
558	842	49	124	166
559	842	48	123	165
560	842	47	124	166
561	842	44	121	163
562	842	47	126	165
563	842	46	125	164
564	842	48	126	165
565	842	50	125	165
566	842	48	123	163
567	842	48	121	162
568	842	46	119	160
569	842	50	123	164
570	842	51	126	165
571	842	49	124	163
572	842	50	125	165
573	842	50	125	165
574	842	49	122	165
575	842	43	116	159
576	842	47	118	162
577	842	50	121	165
578	842	49	124	164
579	842	50	125	165
580	842	49	124	164
581	842	49	124	164
582	842	49	124	164
583	842	50	125	165
584	842	51	124	167
585	842	51	124	167
586	842	50	123	166
587	842	49	122	165
588	842	51	124	167
589	842	52	125	168
590	842	48	119	161
591	842	46	117	159
592	842	48	116	161
593	842	49	117	162
594	842	53	121	168
595	842	53	121	168
596	842	48	119	161
597	842	50	121	163
487	843	49	124	164
488	843	48	121	164
489	843	46	119	162
490	843	48	121	164
491	843	44	117	160
492	843	51	122	166
493	843	58	129	173
494	843	54	125	169
495	843	53	124	168
496	843	50	123	164
497	843	47	120	161
498	843	45	123	162
499	843	47	125	164
500	843	49	127	165
501	843	51	129	167
502	843	48	123	162
503	843	49	124	163
504	843	50	123	164
505	843	50	123	164
506	843	50	123	164
507	843	52	125	166
508	843	51	125	164
509	843	50	124	163
510	843	49	122	163
511	843	51	124	165
512	843	51	124	165
513	843	50	123	164
514	843	51	126	166
515	843	49	124	164
516	843	49	124	166
517	843	53	126	169
518	843	50	123	168
519	843	47	118	164
520	843	44	112	159
521	843	48	116	163
522	843	51	122	168
523	843	51	122	168
524	843	49	123	168
525	843	51	125	170
526	843	52	129	173
527	843	52	129	173
528	843	48	125	169
529	843	49	123	168
530	843	49	124	166
531	843	47	120	163
532	843	48	119	161
533	843	52	123	165
534	843	52	123	165
535	843	51	122	164
536	843	49	123	162
537	843	48	122	161
538	843	49	124	163
539	843	50	125	164
540	843	49	124	163
541	843	48	123	163
542	843	46	121	161
543	843	43	118	160
544	843	44	119	161
545	843	47	122	164
546	843	49	124	166
547	843	48	123	165
548	843	48	121	164
549	843	44	117	160
550	843	43	116	159
551	843	49	122	165
552	843	54	127	170
553	843	50	123	166
554	843	47	122	164
555	843	48	123	165
556	843	48	123	165
557	843	47	122	164
558	843	46	121	163
559	843	49	124	166
560	843	49	124	166
561	843	48	123	165
562	843	47	125	164
563	843	46	124	163
564	843	44	119	159
565	843	48	123	163
566	843	52	125	166
567	843	52	125	166
568	843	52	123	165
569	843	51	122	164
570	843	48	121	162
571	843	46	119	160
572	843	50	123	164
573	843	54	127	168
574	843	52	123	165
575	843	47	118	160
576	843	49	121	161
577	843	51	123	163
578	843	50	123	164
579	843	50	123	164
580	843	48	123	163
581	843	49	124	164
582	843	50	123	164
583	843	50	123	164
584	843	51	122	166
585	843	50	121	165
586	843	49	122	165
587	843	50	123	166
588	843	52	123	165
589	843	50	121	163
590	843	46	117	159
591	843	48	119	163
592	843	54	122	167
593	843	52	120	167
594	843	50	118	165
595	843	51	119	166
596	843	50	121	163
597	843	51	122	164
487	844	49	124	166
488	844	52	125	168
489	844	47	120	163
490	844	48	119	163
491	844	43	114	158
492	844	45	116	160
493	844	53	124	168
494	844	57	128	170
495	844	57	128	170
496	844	55	130	170
497	844	52	127	167
498	844	47	125	164
499	844	52	130	169
500	844	52	132	169
501	844	49	129	166
502	844	43	121	159
503	844	42	120	158
504	844	49	124	164
505	844	49	124	164
506	844	49	122	163
507	844	52	125	166
508	844	50	124	163
509	844	50	124	163
510	844	49	122	163
511	844	50	123	164
512	844	50	124	163
513	844	50	124	163
514	844	49	124	164
515	844	48	123	163
516	844	47	124	166
517	844	53	128	170
518	844	52	126	171
519	844	49	120	166
520	844	49	120	166
521	844	50	118	165
522	844	50	121	167
523	844	52	123	169
524	844	53	127	172
525	844	53	127	172
526	844	52	129	171
527	844	51	128	170
528	844	50	129	172
529	844	50	127	171
530	844	51	128	170
531	844	50	125	167
532	844	50	123	164
533	844	52	125	166
534	844	52	123	165
535	844	50	121	163
536	844	49	123	162
537	844	48	122	161
538	844	51	125	164
539	844	52	126	165
540	844	49	122	163
541	844	48	121	162
542	844	48	121	164
543	844	43	116	159
544	844	40	115	157
545	844	48	123	165
546	844	48	123	165
547	844	49	124	166
548	844	48	121	164
549	844	45	118	161
550	844	41	114	157
551	844	40	113	156
552	844	49	122	165
553	844	51	124	167
554	844	50	125	167
555	844	49	124	166
556	844	44	121	163
557	844	42	119	161
558	844	45	122	164
559	844	49	126	168
560	844	51	126	166
561	844	52	127	167
562	844	47	125	164
563	844	44	122	161
564	844	46	121	161
565	844	48	123	163
566	844	50	123	164
567	844	51	124	165
568	844	50	123	164
569	844	48	121	162
570	844	46	119	160
571	844	46	119	160
572	844	49	122	163
573	844	55	128	169
574	844	56	128	168
575	844	52	124	164
576	844	51	123	161
577	844	56	128	166
578	844	53	127	166
579	844	51	125	164
580	844	51	124	165
581	844	52	125	166
582	844	50	123	164
583	844	50	123	164
584	844	51	124	167
585	844	50	123	166
586	844	51	124	167
587	844	52	125	168
588	844	50	123	164
589	844	44	117	158
590	844	44	115	157
591	844	50	121	165
592	844	54	125	169
593	844	52	123	169
594	844	46	117	163
595	844	46	117	163
596	844	50	121	163
597	844	52	123	165
487	845	48	123	165
488	845	54	127	168
489	845	50	123	164
490	845	48	121	162
491	845	44	117	158
492	845	46	117	159
493	845	50	121	163
494	845	51	123	163
495	845	52	124	164
496	845	50	125	164
497	845	52	127	166
498	845	49	127	166
499	845	50	128	167
500	845	51	129	167
501	845	46	124	162
502	845	50	126	162
503	845	48	123	162
504	845	50	124	163
505	845	50	123	164
506	845	49	124	164
507	845	50	125	165
508	845	50	124	163
509	845	50	124	163
510	845	50	123	164
511	845	51	124	165
512	845	50	124	163
513	845	50	124	163
514	845	48	123	163
515	845	48	123	163
516	845	48	123	163
517	845	49	124	164
518	845	50	123	166
519	845	48	121	164
520	845	49	120	166
521	845	50	121	167
522	845	49	122	167
523	845	50	123	168
524	845	48	125	169
525	845	46	123	167
526	845	47	124	166
527	845	48	125	167
528	845	46	125	168
529	845	48	127	170
530	845	51	128	170
531	845	51	128	170
532	845	50	125	167
533	845	49	124	166
534	845	51	124	165
535	845	50	123	164
536	845	48	122	161
537	845	45	119	158
538	845	47	121	160
539	845	50	124	163
540	845	49	123	162
541	845	48	121	162
542	845	47	120	161
543	845	45	118	161
544	845	43	118	160
545	845	49	124	166
546	845	48	123	165
547	845	49	124	166
548	845	45	120	162
549	845	44	119	161
550	845	44	117	160
551	845	42	115	158
552	845	46	121	163
553	845	48	123	165
554	845	49	124	166
555	845	47	122	164
556	845	43	120	162
557	845	45	122	164
558	845	47	125	164
559	845	47	125	164
560	845	46	124	163
561	845	47	125	164
562	845	44	122	161
563	845	41	119	158
564	845	47	125	164
565	845	46	124	163
566	845	45	123	162
567	845	45	123	162
568	845	50	125	165
569	845	48	123	163
570	845	46	121	161
571	845	49	124	164
572	845	49	122	163
573	845	52	125	166
574	845	56	128	166
575	845	51	123	161
576	845	52	126	163
577	845	55	129	166
578	845	53	127	166
579	845	51	125	164
580	845	49	124	164
581	845	49	124	164
582	845	51	124	165
583	845	50	123	164
584	845	48	123	165
585	845	50	125	167
586	845	50	125	165
587	845	50	125	165
588	845	50	125	165
589	845	48	123	163
590	845	48	121	162
591	845	51	124	165
592	845	50	125	167
593	845	50	125	167
594	845	50	123	168
595	845	50	123	168
596	845	52	125	166
597	845	52	125	166
487	846	48	123	165
488	846	48	121	162
489	846	48	121	162
490	846	47	120	161
491	846	43	116	157
492	846	46	119	160
493	846	48	121	162
494	846	47	119	157
495	846	50	122	162
496	846	51	125	164
497	846	50	123	164
498	846	51	126	166
499	846	48	123	163
500	846	47	125	163
501	846	47	125	163
502	846	49	125	161
503	846	49	124	163
504	846	49	123	162
505	846	49	122	163
506	846	50	123	164
507	846	50	123	164
508	846	50	123	164
509	846	50	123	164
510	846	50	123	164
511	846	51	124	165
512	846	50	123	164
513	846	48	121	162
514	846	49	124	164
515	846	49	124	164
516	846	48	123	163
517	846	47	122	162
518	846	47	120	163
519	846	49	122	165
520	846	48	121	164
521	846	50	123	166
522	846	48	123	165
523	846	48	123	165
524	846	48	125	167
525	846	47	124	166
526	846	49	124	166
527	846	50	125	167
528	846	47	121	166
529	846	47	121	166
530	846	50	125	167
531	846	53	128	170
532	846	50	125	167
533	846	47	122	164
534	846	51	124	165
535	846	51	124	165
536	846	51	125	164
537	846	48	122	161
538	846	44	118	155
539	846	46	120	157
540	846	51	125	164
541	846	51	124	165
542	846	45	120	160
543	846	48	123	165
544	846	47	124	166
545	846	47	124	166
546	846	49	124	166
547	846	49	124	166
548	846	44	119	161
549	846	44	119	161
550	846	45	120	162
551	846	46	121	163
552	846	49	124	166
553	846	46	121	163
554	846	48	123	165
555	846	47	122	164
556	846	45	122	164
557	846	49	126	168
558	846	49	127	166
559	846	47	125	164
560	846	45	123	162
561	846	46	124	163
562	846	45	123	162
563	846	45	123	162
564	846	46	124	163
565	846	46	124	163
566	846	45	123	161
567	846	46	124	162
568	846	48	126	165
569	846	45	123	162
570	846	44	119	161
571	846	48	123	165
572	846	51	124	165
573	846	53	126	167
574	846	56	128	166
575	846	52	124	162
576	846	51	125	162
577	846	51	125	162
578	846	51	126	165
579	846	50	125	164
580	846	46	121	161
581	846	45	120	160
582	846	49	124	166
583	846	49	124	166
584	846	49	124	166
585	846	50	125	167
586	846	49	126	168
587	846	50	127	169
588	846	52	129	171
589	846	51	128	170
590	846	51	126	168
591	846	52	127	169
592	846	50	127	169
593	846	48	125	167
594	846	51	126	168
595	846	51	126	168
596	846	50	125	165
597	846	49	124	164
487	847	46	121	163
488	847	42	117	157
489	847	42	117	157
490	847	44	117	158
491	847	41	114	155
492	847	44	117	158
493	847	48	121	162
494	847	47	121	158
495	847	46	120	159
496	847	47	121	160
497	847	49	122	163
498	847	48	123	163
499	847	49	124	164
500	847	48	123	162
501	847	50	125	164
502	847	50	124	163
503	847	49	123	162
504	847	49	122	163
505	847	48	121	162
506	847	50	123	164
507	847	49	122	163
508	847	49	122	163
509	847	49	122	163
510	847	51	122	166
511	847	52	123	167
512	847	50	123	164
513	847	50	123	164
514	847	50	125	165
515	847	49	124	164
516	847	49	122	163
517	847	49	122	163
518	847	47	120	163
519	847	48	121	164
520	847	48	121	164
521	847	50	123	166
522	847	49	124	166
523	847	50	125	167
524	847	51	126	168
525	847	49	124	166
526	847	49	124	166
527	847	48	121	164
528	847	47	120	163
529	847	45	116	160
530	847	47	120	163
531	847	50	123	166
532	847	49	122	163
533	847	48	121	162
534	847	50	123	164
535	847	51	124	165
536	847	51	125	164
537	847	51	125	164
538	847	51	125	162
539	847	50	124	161
540	847	49	124	163
541	847	52	127	166
542	847	47	125	164
543	847	45	123	162
544	847	47	124	166
545	847	47	124	166
546	847	47	124	166
547	847	48	125	167
548	847	46	120	165
549	847	46	120	165
550	847	47	121	166
551	847	49	123	168
552	847	48	123	165
553	847	44	119	161
554	847	43	118	160
555	847	45	120	162
556	847	47	122	162
557	847	50	125	165
558	847	50	128	167
559	847	46	124	163
560	847	47	122	164
561	847	47	122	164
562	847	47	122	164
563	847	47	122	164
564	847	50	127	169
565	847	47	124	166
566	847	43	122	161
567	847	44	123	162
568	847	47	124	166
569	847	47	122	164
570	847	43	117	162
571	847	48	121	166
572	847	51	122	166
573	847	52	123	167
574	847	55	124	165
575	847	58	127	168
576	847	51	125	162
577	847	51	125	162
578	847	51	126	165
579	847	51	126	165
580	847	49	124	164
581	847	47	122	162
582	847	49	124	166
583	847	49	124	166
584	847	49	124	166
585	847	50	125	167
586	847	49	126	168
587	847	52	129	171
588	847	56	133	175
589	847	55	132	174
590	847	53	128	170
591	847	51	126	168
592	847	49	127	166
593	847	50	128	167
594	847	52	127	169
595	847	49	124	166
596	847	50	124	163
597	847	43	117	156
487	848	48	123	165
488	848	49	122	165
489	848	47	120	163
490	848	46	119	160
491	848	43	116	157
492	848	45	119	158
493	848	47	121	160
494	848	49	124	163
495	848	49	124	163
496	848	50	123	164
497	848	48	121	162
498	848	50	125	165
499	848	48	123	163
500	848	50	125	165
501	848	50	125	165
502	848	49	122	163
503	848	50	123	164
504	848	50	121	163
505	848	49	120	162
506	848	52	121	163
507	848	52	121	163
508	848	51	122	164
509	848	52	123	165
510	848	50	121	163
511	848	50	121	163
512	848	51	122	164
513	848	50	121	163
514	848	48	121	162
515	848	49	122	163
516	848	48	123	163
517	848	44	119	159
518	848	43	116	159
519	848	44	117	160
520	848	47	118	160
521	848	44	115	157
522	848	46	119	160
523	848	48	121	162
524	848	49	122	163
525	848	50	123	164
526	848	50	123	166
527	848	50	123	166
528	848	50	121	163
529	848	46	117	159
530	848	49	120	162
531	848	52	123	165
532	848	51	124	165
533	848	50	123	166
534	848	48	121	164
535	848	50	123	168
536	848	52	125	168
537	848	50	123	166
538	848	51	129	167
539	848	49	127	165
540	848	48	126	164
541	848	47	125	163
542	848	48	123	162
543	848	50	125	164
544	848	49	127	166
545	848	44	122	161
546	848	48	123	163
547	848	50	125	165
548	848	48	123	165
549	848	47	122	164
550	848	49	123	168
551	848	50	124	169
552	848	48	122	167
553	848	41	115	160
554	848	44	119	161
555	848	45	120	162
556	848	44	119	161
557	848	48	123	165
558	848	46	124	163
559	848	49	124	164
560	848	48	123	165
561	848	47	120	163
562	848	47	122	164
563	848	48	123	165
564	848	51	129	168
565	848	49	127	166
566	848	47	125	164
567	848	46	124	163
568	848	49	124	164
569	848	49	122	163
570	848	49	122	165
571	848	48	119	163
572	848	49	120	164
573	848	49	120	164
574	848	51	124	165
575	848	54	127	168
576	848	55	128	169
577	848	51	124	165
578	848	49	124	164
579	848	51	126	166
580	848	50	125	165
581	848	49	124	164
582	848	49	124	166
583	848	49	124	166
584	848	51	124	169
585	848	50	123	168
586	848	49	123	168
587	848	50	124	169
588	848	51	130	173
589	848	52	131	174
590	848	48	130	170
591	848	45	127	167
592	848	49	128	169
593	848	46	125	166
594	848	51	129	168
595	848	50	125	165
596	848	49	124	164
597	848	48	119	161
487	849	48	123	165
488	849	50	123	166
489	849	52	125	168
490	849	52	125	166
491	849	50	123	164
492	849	48	123	163
493	849	47	122	162
494	849	49	124	163
495	849	53	128	167
496	849	51	126	166
497	849	49	124	164
498	849	49	124	164
499	849	46	121	161
500	849	47	122	162
501	849	49	124	164
502	849	51	124	165
503	849	49	122	163
504	849	50	121	163
505	849	50	121	163
506	849	53	122	164
507	849	53	122	164
508	849	50	121	163
509	849	49	120	162
510	849	49	120	162
511	849	50	121	163
512	849	49	120	162
513	849	48	119	161
514	849	45	118	159
515	849	44	117	158
516	849	46	119	162
517	849	44	117	160
518	849	43	114	158
519	849	44	115	159
520	849	43	114	158
521	849	45	116	160
522	849	43	116	157
523	849	46	119	160
524	849	47	120	161
525	849	45	118	159
526	849	47	120	163
527	849	49	122	165
528	849	47	118	160
529	849	47	118	160
530	849	50	121	163
531	849	50	121	163
532	849	51	123	163
533	849	51	122	164
534	849	48	119	161
535	849	47	118	162
536	849	46	119	162
537	849	50	123	166
538	849	57	132	171
539	849	53	128	167
540	849	48	126	165
541	849	48	126	165
542	849	49	124	164
543	849	52	127	167
544	849	50	125	165
545	849	48	123	163
546	849	47	122	162
547	849	49	124	164
548	849	49	124	166
549	849	48	123	165
550	849	50	125	167
551	849	50	125	167
552	849	50	125	167
553	849	49	124	166
554	849	50	125	167
555	849	47	122	164
556	849	45	120	160
557	849	46	121	161
558	849	47	122	162
559	849	48	123	163
560	849	48	123	165
561	849	46	121	163
562	849	46	123	165
563	849	47	124	166
564	849	50	128	167
565	849	48	126	165
566	849	48	126	165
567	849	49	127	166
568	849	49	124	164
569	849	47	122	162
570	849	48	121	164
571	849	48	121	164
572	849	48	121	164
573	849	45	118	161
574	849	48	121	162
575	849	50	123	164
576	849	50	123	164
577	849	50	123	164
578	849	49	124	164
579	849	50	125	165
580	849	50	125	165
581	849	49	124	164
582	849	50	125	167
583	849	48	123	165
584	849	49	122	167
585	849	50	123	168
586	849	49	123	168
587	849	48	122	167
588	849	49	126	170
589	849	49	126	170
590	849	48	130	170
591	849	50	132	172
592	849	49	128	169
593	849	47	126	167
594	849	50	127	169
595	849	52	127	169
596	849	52	127	169
597	849	48	121	164
487	850	45	122	164
488	850	48	123	163
489	850	50	125	165
490	850	49	124	164
491	850	50	125	165
492	850	51	126	166
493	850	48	123	163
494	850	44	122	161
495	850	48	126	165
496	850	53	128	168
497	850	49	124	164
498	850	47	122	162
499	850	46	121	161
500	850	46	121	161
501	850	47	122	162
502	850	51	124	165
503	850	50	123	164
504	850	50	121	163
505	850	52	123	165
506	850	52	124	164
507	850	52	124	164
508	850	51	123	163
509	850	51	123	163
510	850	51	123	163
511	850	48	120	160
512	850	49	120	162
513	850	47	118	160
514	850	45	118	159
515	850	46	119	160
516	850	48	121	164
517	850	47	120	163
518	850	47	118	162
519	850	48	119	163
520	850	48	119	163
521	850	48	119	163
522	850	47	118	160
523	850	46	117	159
524	850	45	116	158
525	850	45	116	158
526	850	48	119	161
527	850	49	120	162
528	850	50	122	162
529	850	48	120	160
530	850	49	120	162
531	850	50	121	163
532	850	52	124	164
533	850	50	122	162
534	850	47	118	160
535	850	48	119	161
536	850	49	120	162
537	850	53	124	166
538	850	56	131	170
539	850	53	128	167
540	850	51	126	166
541	850	49	124	164
542	850	46	121	161
543	850	48	123	163
544	850	49	124	164
545	850	49	124	164
546	850	48	123	163
547	850	47	122	162
548	850	49	122	165
549	850	50	123	166
550	850	50	123	166
551	850	51	124	167
552	850	51	124	167
553	850	53	126	169
554	850	52	125	166
555	850	49	122	163
556	850	47	122	162
557	850	48	123	163
558	850	48	123	162
559	850	49	124	164
560	850	49	122	163
561	850	45	118	161
562	850	46	121	163
563	850	48	123	165
564	850	49	127	166
565	850	47	125	164
566	850	47	125	163
567	850	49	127	165
568	850	52	127	166
569	850	51	126	165
570	850	50	123	164
571	850	49	122	163
572	850	48	121	162
573	850	49	122	163
574	850	51	125	164
575	850	49	123	162
576	850	39	112	153
577	850	44	117	158
578	850	50	125	165
579	850	50	125	165
580	850	52	127	167
581	850	50	125	165
582	850	48	123	165
583	850	50	125	167
584	850	52	125	170
585	850	50	123	168
586	850	50	123	168
587	850	50	123	168
588	850	48	125	169
589	850	49	126	170
590	850	50	129	170
591	850	50	129	170
592	850	49	126	168
593	850	49	126	168
594	850	48	125	167
595	850	50	125	167
596	850	51	125	170
597	850	51	124	169
487	851	48	126	165
488	851	48	123	163
489	851	48	123	163
490	851	48	123	162
491	851	50	125	164
492	851	49	127	165
493	851	47	125	163
494	851	43	121	159
495	851	45	123	161
496	851	50	128	167
497	851	46	124	163
498	851	45	123	161
499	851	45	123	161
500	851	47	122	161
501	851	47	122	161
502	851	48	123	162
503	851	48	123	162
504	851	51	125	164
505	851	49	123	162
506	851	50	122	162
507	851	53	125	165
508	851	53	125	163
509	851	50	122	160
510	851	49	121	159
511	851	48	120	160
512	851	46	118	158
513	851	46	117	159
514	851	46	119	160
515	851	47	120	161
516	851	46	119	162
517	851	46	119	162
518	851	49	120	164
519	851	50	121	165
520	851	56	127	169
521	851	50	121	163
522	851	50	121	163
523	851	49	120	162
524	851	47	118	160
525	851	46	117	159
526	851	48	117	159
527	851	52	121	163
528	851	50	122	162
529	851	50	122	162
530	851	49	123	162
531	851	49	123	162
532	851	51	123	161
533	851	48	120	158
534	851	48	117	158
535	851	52	121	162
536	851	53	124	166
537	851	55	126	168
538	851	54	128	167
539	851	54	127	168
540	851	53	128	168
541	851	47	122	164
542	851	45	120	160
543	851	45	120	160
544	851	49	122	163
545	851	50	123	164
546	851	50	123	164
547	851	47	120	161
548	851	47	120	161
549	851	48	121	162
550	851	48	121	162
551	851	49	122	163
552	851	49	122	163
553	851	50	123	164
554	851	49	122	163
555	851	47	120	161
556	851	48	122	161
557	851	49	123	162
558	851	49	123	162
559	851	50	124	163
560	851	52	123	165
561	851	48	119	161
562	851	48	121	162
563	851	50	123	164
564	851	50	125	165
565	851	49	124	164
566	851	49	124	163
567	851	49	124	163
568	851	49	123	162
569	851	48	122	161
570	851	49	122	163
571	851	49	122	163
572	851	50	124	163
573	851	51	125	164
574	851	52	126	163
575	851	53	127	166
576	851	46	120	159
577	851	43	116	157
578	851	50	125	165
579	851	49	124	164
580	851	50	125	165
581	851	53	128	168
582	851	52	125	168
583	851	49	122	165
584	851	48	121	164
585	851	49	122	165
586	851	50	123	168
587	851	49	122	167
588	851	49	124	166
589	851	50	125	167
590	851	48	125	167
591	851	48	125	167
592	851	49	126	168
593	851	48	125	167
594	851	50	125	167
595	851	49	123	168
596	851	50	123	168
597	851	53	125	173
487	852	49	127	166
488	852	47	125	163
489	852	47	125	163
490	852	47	125	163
491	852	47	125	163
492	852	48	126	164
493	852	47	125	163
494	852	42	120	158
495	852	43	121	159
496	852	47	125	163
497	852	46	124	162
498	852	45	123	161
499	852	45	123	161
500	852	47	122	161
501	852	47	122	161
502	852	46	121	160
503	852	46	121	160
504	852	50	124	163
505	852	50	124	163
506	852	50	124	161
507	852	53	127	164
508	852	50	124	161
509	852	47	121	158
510	852	49	121	159
511	852	51	123	163
512	852	50	122	162
513	852	51	122	164
514	852	50	123	164
515	852	47	120	161
516	852	45	118	159
517	852	46	119	160
518	852	48	119	161
519	852	47	118	160
520	852	48	119	161
521	852	50	121	163
522	852	50	121	163
523	852	50	121	163
524	852	49	121	161
525	852	47	119	159
526	852	49	118	159
527	852	50	119	160
528	852	49	123	162
529	852	48	122	161
530	852	49	123	162
531	852	51	125	164
532	852	55	127	165
533	852	49	121	159
534	852	46	115	156
535	852	49	118	159
536	852	49	120	162
537	852	50	121	163
538	852	50	123	164
539	852	53	126	167
540	852	53	128	170
541	852	47	122	164
542	852	46	121	163
543	852	45	120	162
544	852	48	121	162
545	852	51	124	165
546	852	51	124	165
547	852	50	123	164
548	852	49	122	163
549	852	49	122	163
550	852	50	123	164
551	852	48	121	162
552	852	50	123	164
553	852	51	124	165
554	852	49	123	162
555	852	46	120	159
556	852	47	121	160
557	852	48	122	161
558	852	48	122	161
559	852	48	122	161
560	852	49	121	161
561	852	48	120	160
562	852	49	122	163
563	852	49	122	163
564	852	48	123	163
565	852	49	124	164
566	852	49	124	163
567	852	47	122	161
568	852	43	117	156
569	852	48	122	161
570	852	51	125	164
571	852	51	125	164
572	852	51	125	164
573	852	50	124	163
574	852	50	124	161
575	852	53	127	164
576	852	53	128	167
577	852	52	127	166
578	852	56	131	170
579	852	52	127	166
580	852	47	122	162
581	852	47	122	162
582	852	53	126	167
583	852	49	122	163
584	852	45	118	161
585	852	50	123	166
586	852	49	122	165
587	852	46	119	162
588	852	50	123	166
589	852	49	122	165
590	852	46	121	161
591	852	48	123	163
592	852	51	126	168
593	852	51	126	168
594	852	52	125	168
595	852	51	124	167
596	852	50	123	168
597	852	51	124	169
