X	Y	Red	Green	Blue
992	499	114	110	125
993	499	111	107	122
994	499	101	97	111
995	499	100	96	110
996	499	109	105	119
997	499	111	107	122
998	499	109	105	120
999	499	111	107	124
1000	499	111	108	125
1001	499	109	106	123
1002	499	113	111	125
1003	499	118	116	130
1004	499	116	114	127
1005	499	109	107	120
1006	499	111	107	122
1007	499	114	110	125
1008	499	115	113	127
1009	499	114	111	128
1010	499	112	109	126
1011	499	110	107	126
1012	499	113	110	131
1013	499	118	115	136
1014	499	120	117	136
1015	499	120	117	136
1016	499	121	120	136
1017	499	116	115	131
1018	499	115	114	128
1019	499	115	114	128
1020	499	116	115	129
1021	499	115	114	128
1022	499	114	114	126
1023	499	112	111	125
1024	499	115	113	127
1025	499	115	112	129
1026	499	118	114	131
1027	499	120	116	133
1028	499	120	113	129
1029	499	116	109	125
1030	499	117	111	125
1031	499	118	112	126
1032	499	117	111	125
1033	499	113	107	121
1034	499	113	105	120
1035	499	113	105	120
1036	499	112	103	120
1037	499	113	104	121
1038	499	114	110	125
1039	499	117	113	130
1040	499	116	112	129
1041	499	109	104	124
1042	499	110	106	123
1043	499	118	114	131
1044	499	119	115	130
1045	499	114	110	125
1046	499	115	111	126
1047	499	114	110	125
1048	499	112	110	124
1049	499	115	113	127
1050	499	118	116	130
1051	499	115	113	127
1052	499	115	112	129
1053	499	114	111	128
1054	499	113	109	126
1055	499	113	109	126
1056	499	112	108	125
1057	499	117	113	130
1058	499	117	113	130
1059	499	114	110	127
1060	499	112	109	126
1061	499	115	112	129
1062	499	118	115	134
1063	499	116	113	132
992	500	111	107	122
993	500	112	108	123
994	500	109	105	119
995	500	106	102	116
996	500	109	105	120
997	500	114	110	125
998	500	115	111	128
999	500	112	108	125
1000	500	112	109	126
1001	500	113	110	127
1002	500	117	116	130
1003	500	118	117	131
1004	500	116	114	127
1005	500	115	113	126
1006	500	117	115	128
1007	500	115	113	126
1008	500	113	111	125
1009	500	114	111	128
1010	500	112	109	126
1011	500	108	105	124
1012	500	110	107	126
1013	500	115	112	131
1014	500	119	116	133
1015	500	118	115	132
1016	500	117	116	132
1017	500	112	111	127
1018	500	114	113	129
1019	500	115	114	130
1020	500	116	115	129
1021	500	117	116	130
1022	500	116	115	129
1023	500	115	114	128
1024	500	118	115	132
1025	500	119	116	133
1026	500	118	114	131
1027	500	118	114	131
1028	500	119	115	132
1029	500	118	114	131
1030	500	117	113	128
1031	500	117	113	128
1032	500	119	113	127
1033	500	113	107	121
1034	500	117	109	124
1035	500	118	110	125
1036	500	115	106	123
1037	500	116	107	124
1038	500	120	116	133
1039	500	124	120	137
1040	500	116	112	129
1041	500	111	107	124
1042	500	111	104	122
1043	500	117	110	128
1044	500	117	110	126
1045	500	116	109	125
1046	500	114	110	124
1047	500	109	105	119
1048	500	113	111	124
1049	500	114	112	125
1050	500	118	116	130
1051	500	118	116	130
1052	500	113	110	127
1053	500	109	106	123
1054	500	113	109	126
1055	500	117	113	130
1056	500	115	108	124
1057	500	107	100	116
1058	500	111	107	124
1059	500	110	106	123
1060	500	106	102	119
1061	500	115	111	128
1062	500	118	114	131
1063	500	115	111	128
992	501	106	102	119
993	501	112	108	125
994	501	119	115	130
995	501	114	110	125
996	501	110	106	121
997	501	113	109	124
998	501	116	112	129
999	501	115	111	128
1000	501	111	108	125
1001	501	112	109	126
1002	501	116	115	129
1003	501	115	114	128
1004	501	116	114	128
1005	501	117	115	129
1006	501	116	114	127
1007	501	110	108	121
1008	501	112	110	124
1009	501	116	113	130
1010	501	112	109	126
1011	501	109	106	125
1012	501	110	107	126
1013	501	112	109	128
1014	501	116	115	131
1015	501	115	114	130
1016	501	114	113	127
1017	501	112	111	125
1018	501	113	112	126
1019	501	112	111	125
1020	501	114	113	127
1021	501	117	116	130
1022	501	116	115	129
1023	501	117	116	130
1024	501	115	114	130
1025	501	116	115	131
1026	501	116	113	130
1027	501	115	112	129
1028	501	117	114	131
1029	501	116	113	130
1030	501	117	115	129
1031	501	117	115	129
1032	501	111	107	121
1033	501	107	103	117
1034	501	113	106	122
1035	501	117	110	126
1036	501	115	111	126
1037	501	114	110	125
1038	501	118	115	132
1039	501	124	121	138
1040	501	117	113	130
1041	501	116	112	129
1042	501	116	109	125
1043	501	116	109	125
1044	501	116	110	124
1045	501	116	110	124
1046	501	116	112	126
1047	501	114	110	124
1048	501	110	108	121
1049	501	114	112	125
1050	501	118	116	129
1051	501	118	116	129
1052	501	113	109	124
1053	501	110	106	121
1054	501	117	110	126
1055	501	119	112	128
1056	501	114	107	123
1057	501	109	102	118
1058	501	108	104	119
1059	501	110	106	121
1060	501	113	109	124
1061	501	117	113	128
1062	501	117	113	128
1063	501	115	111	126
992	502	108	104	121
993	502	116	112	129
994	502	120	116	131
995	502	118	114	129
996	502	114	110	125
997	502	109	105	120
998	502	112	109	126
999	502	114	111	128
1000	502	108	107	125
1001	502	108	107	125
1002	502	114	113	127
1003	502	114	113	127
1004	502	115	115	127
1005	502	114	114	126
1006	502	116	114	127
1007	502	113	111	125
1008	502	111	109	123
1009	502	114	111	128
1010	502	110	107	126
1011	502	105	102	121
1012	502	103	100	117
1013	502	107	104	121
1014	502	113	112	126
1015	502	114	113	127
1016	502	119	119	131
1017	502	119	119	131
1018	502	115	114	128
1019	502	113	112	126
1020	502	115	114	128
1021	502	116	115	129
1022	502	116	114	128
1023	502	117	115	129
1024	502	118	115	132
1025	502	116	113	130
1026	502	114	113	129
1027	502	113	112	128
1028	502	114	113	129
1029	502	113	112	128
1030	502	116	114	128
1031	502	113	111	125
1032	502	105	101	116
1033	502	110	106	121
1034	502	113	109	124
1035	502	114	110	125
1036	502	120	116	133
1037	502	120	116	133
1038	502	117	114	133
1039	502	118	115	134
1040	502	118	114	129
1041	502	115	111	126
1042	502	116	109	125
1043	502	115	108	124
1044	502	113	107	121
1045	502	111	105	119
1046	502	114	111	122
1047	502	114	111	122
1048	502	109	107	118
1049	502	115	113	124
1050	502	117	115	128
1051	502	116	114	127
1052	502	113	109	123
1053	502	111	107	121
1054	502	116	109	125
1055	502	120	113	129
1056	502	115	108	124
1057	502	114	107	123
1058	502	115	108	124
1059	502	116	109	125
1060	502	113	109	124
1061	502	110	106	121
1062	502	113	109	124
1063	502	114	110	125
992	503	111	107	124
993	503	115	111	128
994	503	119	115	130
995	503	120	116	131
996	503	110	106	121
997	503	105	101	116
998	503	117	114	131
999	503	115	112	129
1000	503	108	107	125
1001	503	106	105	123
1002	503	111	110	124
1003	503	111	110	124
1004	503	112	112	124
1005	503	113	113	125
1006	503	117	115	128
1007	503	116	114	128
1008	503	113	111	125
1009	503	109	106	123
1010	503	111	108	127
1011	503	112	109	128
1012	503	109	106	123
1013	503	110	107	124
1014	503	112	112	124
1015	503	108	108	120
1016	503	116	116	128
1017	503	121	121	133
1018	503	115	115	127
1019	503	114	114	126
1020	503	117	115	129
1021	503	116	114	128
1022	503	115	113	127
1023	503	115	113	127
1024	503	118	114	131
1025	503	118	114	131
1026	503	114	113	129
1027	503	112	111	127
1028	503	114	113	129
1029	503	115	112	129
1030	503	118	115	132
1031	503	119	115	132
1032	503	115	108	124
1033	503	117	110	126
1034	503	114	110	127
1035	503	112	108	125
1036	503	119	116	135
1037	503	123	120	139
1038	503	119	116	137
1039	503	116	113	134
1040	503	118	114	131
1041	503	113	109	126
1042	503	115	108	124
1043	503	114	107	123
1044	503	112	106	120
1045	503	111	105	119
1046	503	114	110	124
1047	503	113	109	123
1048	503	109	107	118
1049	503	109	107	118
1050	503	109	107	120
1051	503	112	110	123
1052	503	111	107	122
1053	503	106	99	115
1054	503	107	100	116
1055	503	119	110	127
1056	503	120	113	129
1057	503	116	109	125
1058	503	121	114	130
1059	503	119	112	128
1060	503	116	112	127
1061	503	115	111	126
1062	503	113	109	123
1063	503	113	109	123
992	504	111	107	124
993	504	109	105	122
994	504	114	112	126
995	504	115	113	127
996	504	111	110	124
997	504	111	110	124
998	504	117	116	132
999	504	115	114	130
1000	504	113	110	129
1001	504	105	102	121
1002	504	103	100	117
1003	504	110	107	124
1004	504	115	113	127
1005	504	115	113	127
1006	504	114	113	127
1007	504	115	114	130
1008	504	115	112	129
1009	504	112	109	128
1010	504	115	112	129
1011	504	115	112	129
1012	504	113	111	125
1013	504	114	112	126
1014	504	113	109	124
1015	504	109	105	120
1016	504	116	114	128
1017	504	122	120	134
1018	504	118	117	131
1019	504	115	114	128
1020	504	114	113	127
1021	504	113	111	125
1022	504	114	112	126
1023	504	120	116	131
1024	504	122	119	136
1025	504	121	118	135
1026	504	119	116	133
1027	504	117	114	131
1028	504	114	112	126
1029	504	115	113	127
1030	504	125	123	137
1031	504	128	126	140
1032	504	119	115	132
1033	504	115	111	128
1034	504	113	105	126
1035	504	112	104	125
1036	504	115	110	132
1037	504	115	110	132
1038	504	115	113	134
1039	504	116	113	134
1040	504	117	114	133
1041	504	112	107	127
1042	504	115	108	126
1043	504	116	109	127
1044	504	113	109	126
1045	504	115	111	128
1046	504	113	109	124
1047	504	114	110	125
1048	504	108	104	119
1049	504	104	100	115
1050	504	114	107	123
1051	504	118	111	127
1052	504	117	108	125
1053	504	113	104	121
1054	504	111	104	120
1055	504	114	107	123
1056	504	118	111	127
1057	504	115	108	124
1058	504	120	116	130
1059	504	123	119	133
1060	504	118	114	128
1061	504	115	111	125
1062	504	114	108	122
1063	504	116	110	124
992	505	108	105	122
993	505	110	107	124
994	505	110	107	124
995	505	106	103	120
996	505	112	111	127
997	505	116	115	131
998	505	115	114	130
999	505	113	112	128
1000	505	116	113	130
1001	505	111	108	125
1002	505	108	105	124
1003	505	110	107	126
1004	505	112	109	126
1005	505	112	109	126
1006	505	115	114	128
1007	505	123	122	136
1008	505	115	112	129
1009	505	108	105	122
1010	505	111	108	125
1011	505	111	108	125
1012	505	107	104	121
1013	505	108	105	122
1014	505	108	104	119
1015	505	102	98	113
1016	505	113	109	124
1017	505	116	112	127
1018	505	113	111	124
1019	505	112	110	123
1020	505	113	111	124
1021	505	113	111	124
1022	505	116	112	126
1023	505	122	118	133
1024	505	125	123	137
1025	505	125	122	139
1026	505	120	118	132
1027	505	117	115	129
1028	505	117	115	129
1029	505	115	113	127
1030	505	120	118	132
1031	505	126	124	138
1032	505	121	118	135
1033	505	115	112	129
1034	505	112	107	127
1035	505	105	100	120
1036	505	109	104	124
1037	505	112	107	127
1038	505	115	112	131
1039	505	112	109	128
1040	505	110	107	126
1041	505	113	110	129
1042	505	115	110	130
1043	505	113	108	128
1044	505	114	110	127
1045	505	118	114	131
1046	505	119	116	133
1047	505	117	114	131
1048	505	111	109	123
1049	505	110	106	121
1050	505	116	112	127
1051	505	120	113	129
1052	505	119	112	128
1053	505	115	108	124
1054	505	111	104	120
1055	505	113	106	122
1056	505	112	105	121
1057	505	113	106	122
1058	505	117	113	127
1059	505	118	114	128
1060	505	120	116	130
1061	505	114	110	124
1062	505	112	108	122
1063	505	114	110	124
992	506	111	108	125
993	506	116	113	130
994	506	112	111	129
995	506	104	103	121
996	506	109	108	126
997	506	111	110	128
998	506	112	109	126
999	506	113	110	127
1000	506	116	113	130
1001	506	113	110	127
1002	506	111	106	126
1003	506	110	105	125
1004	506	110	107	126
1005	506	110	107	126
1006	506	110	109	123
1007	506	119	118	132
1008	506	118	116	130
1009	506	107	105	119
1010	506	106	103	120
1011	506	108	105	122
1012	506	107	104	121
1013	506	108	105	122
1014	506	107	103	120
1015	506	99	95	112
1016	506	103	96	112
1017	506	110	103	119
1018	506	109	105	119
1019	506	107	103	117
1020	506	108	106	117
1021	506	112	110	121
1022	506	114	112	125
1023	506	118	116	129
1024	506	120	118	132
1025	506	121	119	133
1026	506	120	118	132
1027	506	121	119	133
1028	506	121	119	133
1029	506	119	117	131
1030	506	120	117	134
1031	506	124	121	138
1032	506	124	121	138
1033	506	116	113	130
1034	506	115	110	130
1035	506	112	107	127
1036	506	114	109	129
1037	506	115	110	130
1038	506	115	112	129
1039	506	112	109	128
1040	506	113	110	129
1041	506	115	112	133
1042	506	113	108	128
1043	506	115	110	130
1044	506	115	110	130
1045	506	117	112	132
1046	506	119	116	135
1047	506	117	114	133
1048	506	113	110	127
1049	506	111	108	125
1050	506	115	111	128
1051	506	115	111	128
1052	506	120	113	129
1053	506	119	112	128
1054	506	113	109	124
1055	506	111	107	122
1056	506	114	107	123
1057	506	111	104	120
1058	506	110	106	120
1059	506	110	106	120
1060	506	115	113	126
1061	506	111	109	122
1062	506	111	107	122
1063	506	114	110	125
992	507	115	112	129
993	507	119	116	135
994	507	117	114	133
995	507	111	108	129
996	507	110	107	128
997	507	109	106	127
998	507	114	111	128
999	507	117	114	131
1000	507	117	113	130
1001	507	114	109	129
1002	507	109	104	124
1003	507	104	99	121
1004	507	108	103	123
1005	507	112	107	127
1006	507	110	108	122
1007	507	113	111	125
1008	507	114	110	125
1009	507	109	105	120
1010	507	106	103	120
1011	507	108	105	122
1012	507	108	105	124
1013	507	106	103	122
1014	507	109	105	122
1015	507	108	104	121
1016	507	109	103	117
1017	507	109	103	117
1018	507	109	103	115
1019	507	107	101	113
1020	507	107	104	113
1021	507	109	106	115
1022	507	111	109	120
1023	507	114	112	123
1024	507	114	112	125
1025	507	113	111	124
1026	507	117	115	128
1027	507	123	121	134
1028	507	124	122	136
1029	507	124	122	136
1030	507	122	119	136
1031	507	119	116	133
1032	507	120	117	134
1033	507	115	112	129
1034	507	114	109	129
1035	507	116	111	131
1036	507	116	112	129
1037	507	120	116	133
1038	507	120	117	134
1039	507	115	112	131
1040	507	116	113	132
1041	507	116	113	134
1042	507	116	111	133
1043	507	122	117	139
1044	507	125	120	142
1045	507	118	113	135
1046	507	116	111	131
1047	507	116	111	131
1048	507	113	108	128
1049	507	110	105	125
1050	507	115	111	128
1051	507	118	114	131
1052	507	122	115	131
1053	507	124	117	133
1054	507	119	115	130
1055	507	116	112	127
1056	507	116	110	124
1057	507	115	109	123
1058	507	112	110	123
1059	507	113	111	124
1060	507	113	111	124
1061	507	113	111	124
1062	507	108	106	120
1063	507	111	109	123
992	508	109	105	122
993	508	115	110	130
994	508	116	111	131
995	508	113	108	130
996	508	111	106	128
997	508	110	105	127
998	508	112	108	125
999	508	114	110	127
1000	508	114	110	127
1001	508	116	112	129
1002	508	115	107	128
1003	508	107	99	120
1004	508	106	101	121
1005	508	112	107	127
1006	508	112	108	123
1007	508	112	108	123
1008	508	111	109	122
1009	508	110	108	122
1010	508	106	104	118
1011	508	109	106	123
1012	508	112	109	128
1013	508	110	107	126
1014	508	111	107	124
1015	508	114	110	127
1016	508	116	110	124
1017	508	113	107	121
1018	508	111	105	117
1019	508	109	103	115
1020	508	111	105	115
1021	508	111	105	115
1022	508	110	107	116
1023	508	112	109	118
1024	508	110	108	119
1025	508	110	108	119
1026	508	115	112	123
1027	508	122	118	132
1028	508	121	117	131
1029	508	117	113	128
1030	508	115	112	129
1031	508	119	116	133
1032	508	120	117	136
1033	508	117	114	133
1034	508	117	112	132
1035	508	119	114	134
1036	508	117	114	131
1037	508	118	115	132
1038	508	115	113	127
1039	508	112	109	126
1040	508	116	113	130
1041	508	117	114	133
1042	508	115	110	130
1043	508	118	113	133
1044	508	130	125	145
1045	508	120	115	135
1046	508	116	111	131
1047	508	116	111	131
1048	508	109	104	124
1049	508	105	100	120
1050	508	114	110	127
1051	508	121	117	134
1052	508	121	117	132
1053	508	121	117	132
1054	508	119	117	130
1055	508	114	112	125
1056	508	114	110	124
1057	508	119	115	129
1058	508	119	117	130
1059	508	119	117	130
1060	508	115	113	127
1061	508	116	114	128
1062	508	111	109	123
1063	508	112	110	124
992	509	104	100	117
993	509	109	104	124
994	509	115	110	130
995	509	114	109	131
996	509	111	106	128
997	509	109	104	126
998	509	108	104	121
999	509	109	105	122
1000	509	107	103	120
1001	509	112	108	125
1002	509	114	109	129
1003	509	109	104	124
1004	509	109	101	122
1005	509	113	105	126
1006	509	114	107	125
1007	509	114	107	125
1008	509	112	110	124
1009	509	114	112	126
1010	509	111	108	125
1011	509	113	110	127
1012	509	115	112	129
1013	509	113	110	127
1014	509	113	110	127
1015	509	118	115	132
1016	509	115	111	126
1017	509	112	108	123
1018	509	113	107	119
1019	509	113	107	119
1020	509	114	108	120
1021	509	114	108	120
1022	509	113	110	119
1023	509	113	110	119
1024	509	109	106	115
1025	509	105	102	111
1026	509	107	104	115
1027	509	115	111	125
1028	509	114	110	124
1029	509	110	106	121
1030	509	114	111	128
1031	509	124	121	138
1032	509	121	118	137
1033	509	114	111	130
1034	509	116	113	132
1035	509	118	115	134
1036	509	119	116	133
1037	509	116	113	130
1038	509	113	112	128
1039	509	117	116	132
1040	509	120	119	137
1041	509	112	111	129
1042	509	96	93	112
1043	509	101	98	117
1044	509	115	110	130
1045	509	117	112	132
1046	509	116	113	132
1047	509	115	112	131
1048	509	110	107	126
1049	509	103	100	119
1050	509	111	107	124
1051	509	119	115	132
1052	509	118	116	130
1053	509	119	117	131
1054	509	119	119	131
1055	509	115	113	126
1056	509	115	113	126
1057	509	119	115	129
1058	509	116	114	128
1059	509	116	114	128
1060	509	115	113	127
1061	509	117	115	129
1062	509	116	112	129
1063	509	115	111	128
992	510	110	106	123
993	510	110	105	125
994	510	113	108	128
995	510	115	110	130
996	510	113	110	129
997	510	111	108	127
998	510	108	105	124
999	510	108	105	124
1000	510	108	105	122
1001	510	107	104	121
1002	510	109	104	124
1003	510	108	103	123
1004	510	109	104	124
1005	510	111	106	126
1006	510	114	106	127
1007	510	112	107	127
1008	510	113	110	127
1009	510	113	112	128
1010	510	113	110	127
1011	510	113	110	127
1012	510	115	112	129
1013	510	113	110	127
1014	510	112	111	127
1015	510	115	114	130
1016	510	118	117	131
1017	510	113	111	125
1018	510	109	107	120
1019	510	113	109	123
1020	510	116	110	124
1021	510	116	110	124
1022	510	117	111	123
1023	510	118	112	124
1024	510	116	113	122
1025	510	107	104	113
1026	510	105	99	111
1027	510	112	106	118
1028	510	114	110	124
1029	510	112	108	123
1030	510	114	112	126
1031	510	118	115	132
1032	510	112	111	129
1033	510	109	108	126
1034	510	116	113	132
1035	510	118	115	134
1036	510	121	118	137
1037	510	119	116	135
1038	510	115	114	132
1039	510	117	116	134
1040	510	118	117	135
1041	510	116	115	133
1042	510	108	105	124
1043	510	111	108	127
1044	510	112	107	127
1045	510	115	110	130
1046	510	115	111	128
1047	510	115	111	128
1048	510	115	112	129
1049	510	109	106	123
1050	510	112	108	125
1051	510	116	112	129
1052	510	116	114	128
1053	510	118	116	130
1054	510	119	118	132
1055	510	116	115	129
1056	510	115	113	126
1057	510	116	114	127
1058	510	114	112	126
1059	510	114	112	126
1060	510	116	113	130
1061	510	116	113	130
1062	510	117	113	130
1063	510	117	113	130
992	511	112	107	127
993	511	111	106	126
994	511	106	101	121
995	511	109	104	124
996	511	115	112	131
997	511	116	113	132
998	511	113	112	130
999	511	113	112	130
1000	511	113	112	130
1001	511	112	111	129
1002	511	112	109	126
1003	511	110	107	124
1004	511	111	106	126
1005	511	112	107	127
1006	511	115	107	128
1007	511	112	107	127
1008	511	111	108	125
1009	511	111	110	126
1010	511	111	108	125
1011	511	111	108	125
1012	511	112	109	126
1013	511	111	108	125
1014	511	108	110	125
1015	511	111	113	128
1016	511	115	117	132
1017	511	115	114	130
1018	511	111	110	124
1019	511	114	110	125
1020	511	114	110	124
1021	511	117	111	125
1022	511	118	110	125
1023	511	118	110	125
1024	511	116	113	122
1025	511	113	110	119
1026	511	110	104	116
1027	511	112	106	118
1028	511	117	111	125
1029	511	116	109	125
1030	511	113	111	125
1031	511	112	109	126
1032	511	107	106	124
1033	511	108	107	125
1034	511	113	111	132
1035	511	117	115	136
1036	511	119	118	136
1037	511	119	118	136
1038	511	117	116	134
1039	511	116	115	133
1040	511	112	109	128
1041	511	117	114	133
1042	511	117	112	132
1043	511	112	107	127
1044	511	116	109	127
1045	511	119	112	130
1046	511	117	113	130
1047	511	114	110	127
1048	511	116	112	129
1049	511	115	111	128
1050	511	116	112	129
1051	511	115	111	128
1052	511	116	114	128
1053	511	116	114	128
1054	511	115	114	128
1055	511	116	115	129
1056	511	116	114	127
1057	511	116	114	127
1058	511	115	113	127
1059	511	115	113	127
1060	511	116	113	130
1061	511	116	113	130
1062	511	116	112	129
1063	511	116	112	129
992	512	114	107	125
993	512	113	105	126
994	512	107	102	122
995	512	109	104	124
996	512	115	112	129
997	512	123	120	137
998	512	122	119	136
999	512	120	117	134
1000	512	121	118	135
1001	512	116	113	130
1002	512	113	110	129
1003	512	112	109	128
1004	512	117	114	133
1005	512	116	113	132
1006	512	119	116	133
1007	512	111	108	125
1008	512	105	102	119
1009	512	110	107	124
1010	512	113	111	125
1011	512	111	109	123
1012	512	111	110	126
1013	512	109	108	124
1014	512	110	109	125
1015	512	111	110	126
1016	512	114	112	126
1017	512	111	109	123
1018	512	104	102	116
1019	512	113	111	125
1020	512	114	110	127
1021	512	113	109	126
1022	512	113	109	126
1023	512	115	111	128
1024	512	118	111	127
1025	512	113	106	122
1026	512	111	105	119
1027	512	113	107	121
1028	512	115	111	125
1029	512	114	110	125
1030	512	113	109	126
1031	512	113	108	128
1032	512	113	108	130
1033	512	112	107	129
1034	512	115	112	133
1035	512	117	114	135
1036	512	116	115	133
1037	512	118	117	135
1038	512	122	121	139
1039	512	119	118	136
1040	512	119	116	137
1041	512	122	119	140
1042	512	115	112	131
1043	512	105	102	121
1044	512	109	106	123
1045	512	116	113	130
1046	512	116	113	130
1047	512	116	113	130
1048	512	117	114	131
1049	512	116	113	130
1050	512	115	111	126
1051	512	110	106	121
1052	512	113	109	124
1053	512	118	114	129
1054	512	114	113	129
1055	512	114	113	129
1056	512	118	115	134
1057	512	115	112	131
1058	512	118	115	132
1059	512	114	111	128
1060	512	115	113	127
1061	512	114	112	126
1062	512	115	111	128
1063	512	117	113	130
992	513	112	108	125
993	513	113	109	126
994	513	112	108	125
995	513	113	109	126
996	513	113	110	127
997	513	116	113	130
998	513	119	117	131
999	513	119	117	131
1000	513	118	116	130
1001	513	113	111	125
1002	513	108	105	122
1003	513	111	108	125
1004	513	119	116	133
1005	513	118	115	132
1006	513	123	121	135
1007	513	119	117	131
1008	513	107	104	121
1009	513	110	107	124
1010	513	114	112	126
1011	513	114	112	126
1012	513	112	111	127
1013	513	110	109	125
1014	513	111	110	126
1015	513	111	110	126
1016	513	110	108	122
1017	513	112	110	124
1018	513	107	105	119
1019	513	113	111	125
1020	513	116	113	130
1021	513	113	110	127
1022	513	109	106	123
1023	513	110	107	124
1024	513	113	109	124
1025	513	114	110	125
1026	513	110	106	120
1027	513	110	106	120
1028	513	115	111	126
1029	513	116	112	129
1030	513	116	112	129
1031	513	112	107	127
1032	513	111	106	128
1033	513	115	110	132
1034	513	116	111	133
1035	513	114	109	131
1036	513	112	111	129
1037	513	114	113	131
1038	513	119	118	136
1039	513	118	117	135
1040	513	116	115	133
1041	513	121	118	137
1042	513	116	113	132
1043	513	113	108	128
1044	513	115	111	128
1045	513	117	113	130
1046	513	115	111	126
1047	513	114	110	125
1048	513	112	110	124
1049	513	110	108	122
1050	513	108	105	122
1051	513	104	101	118
1052	513	109	106	123
1053	513	117	114	131
1054	513	113	111	125
1055	513	110	107	124
1056	513	106	103	120
1057	513	114	111	130
1058	513	117	115	129
1059	513	113	111	125
1060	513	113	111	125
1061	513	114	112	126
1062	513	111	107	122
1063	513	116	112	127
992	514	113	110	127
993	514	112	109	126
994	514	113	109	126
995	514	112	108	125
996	514	109	106	123
997	514	114	111	128
998	514	118	117	131
999	514	117	116	130
1000	514	116	114	127
1001	514	112	110	123
1002	514	111	107	122
1003	514	112	108	123
1004	514	117	113	128
1005	514	117	113	128
1006	514	117	117	129
1007	514	117	117	129
1008	514	114	112	126
1009	514	113	111	125
1010	514	113	111	125
1011	514	114	112	126
1012	514	114	111	128
1013	514	114	111	128
1014	514	114	111	128
1015	514	112	109	126
1016	514	114	112	126
1017	514	114	112	126
1018	514	114	112	126
1019	514	116	114	128
1020	514	118	115	132
1021	514	115	112	129
1022	514	109	106	123
1023	514	113	110	127
1024	514	115	114	128
1025	514	114	113	127
1026	514	115	113	127
1027	514	113	111	125
1028	514	112	110	124
1029	514	116	113	130
1030	514	119	115	132
1031	514	112	107	127
1032	514	108	100	123
1033	514	114	106	129
1034	514	112	107	129
1035	514	109	104	126
1036	514	111	110	128
1037	514	115	114	132
1038	514	114	113	131
1039	514	110	109	127
1040	514	114	113	131
1041	514	118	117	135
1042	514	114	111	130
1043	514	112	109	128
1044	514	118	114	131
1045	514	118	114	131
1046	514	115	111	126
1047	514	115	111	126
1048	514	115	113	127
1049	514	113	110	127
1050	514	112	109	126
1051	514	110	107	126
1052	514	112	109	128
1053	514	114	111	130
1054	514	113	111	125
1055	514	114	111	128
1056	514	105	102	119
1057	514	106	103	122
1058	514	112	109	126
1059	514	114	111	128
1060	514	118	116	130
1061	514	115	113	127
1062	514	112	108	125
1063	514	115	111	128
992	515	106	105	121
993	515	108	105	124
994	515	109	106	125
995	515	113	108	128
996	515	112	108	125
997	515	115	111	128
998	515	119	118	132
999	515	117	116	130
1000	515	114	113	127
1001	515	111	109	123
1002	515	109	107	121
1003	515	111	107	122
1004	515	114	110	125
1005	515	116	112	127
1006	515	113	113	125
1007	515	114	114	126
1008	515	113	113	125
1009	515	110	110	122
1010	515	112	110	123
1011	515	114	112	125
1012	515	114	112	126
1013	515	114	112	126
1014	515	114	111	128
1015	515	113	110	127
1016	515	116	112	127
1017	515	112	108	123
1018	515	114	112	126
1019	515	118	116	130
1020	515	118	115	132
1021	515	117	114	131
1022	515	114	113	127
1023	515	117	116	130
1024	515	117	116	132
1025	515	113	112	128
1026	515	112	109	126
1027	515	113	110	127
1028	515	113	110	129
1029	515	112	109	128
1030	515	117	112	132
1031	515	118	113	133
1032	515	111	103	126
1033	515	109	101	124
1034	515	109	104	126
1035	515	111	106	128
1036	515	112	111	129
1037	515	111	110	128
1038	515	110	109	127
1039	515	115	114	132
1040	515	120	117	136
1041	515	124	121	140
1042	515	119	116	135
1043	515	113	110	129
1044	515	115	112	129
1045	515	118	115	132
1046	515	117	114	131
1047	515	117	114	131
1048	515	119	115	132
1049	515	118	113	133
1050	515	117	112	132
1051	515	117	112	134
1052	515	114	111	130
1053	515	111	108	127
1054	515	112	111	127
1055	515	115	114	130
1056	515	115	112	131
1057	515	110	107	126
1058	515	113	110	127
1059	515	116	113	130
1060	515	120	117	134
1061	515	119	116	133
1062	515	117	112	132
1063	515	114	109	129
992	516	109	108	124
993	516	109	106	125
994	516	110	107	128
995	516	115	110	132
996	516	114	111	130
997	516	114	111	130
998	516	116	115	131
999	516	117	116	132
1000	516	115	114	128
1001	516	113	111	125
1002	516	110	108	122
1003	516	112	108	123
1004	516	113	109	124
1005	516	114	110	125
1006	516	113	113	125
1007	516	113	113	125
1008	516	114	114	124
1009	516	115	115	125
1010	516	117	115	126
1011	516	115	113	126
1012	516	114	112	125
1013	516	114	112	126
1014	516	114	110	125
1015	516	117	113	128
1016	516	119	115	129
1017	516	113	109	123
1018	516	113	109	124
1019	516	116	112	127
1020	516	114	112	126
1021	516	113	111	125
1022	516	117	116	130
1023	516	117	116	130
1024	516	113	115	130
1025	516	113	112	128
1026	516	110	109	127
1027	516	110	107	126
1028	516	108	105	126
1029	516	110	107	128
1030	516	119	114	136
1031	516	116	111	133
1032	516	115	107	130
1033	516	115	107	130
1034	516	118	110	133
1035	516	118	110	133
1036	516	112	109	130
1037	516	111	108	129
1038	516	110	107	128
1039	516	113	110	131
1040	516	118	115	134
1041	516	122	119	138
1042	516	121	118	135
1043	516	116	113	130
1044	516	113	111	125
1045	516	117	115	129
1046	516	120	116	133
1047	516	119	115	132
1048	516	119	114	134
1049	516	119	114	134
1050	516	119	114	134
1051	516	117	112	132
1052	516	114	111	130
1053	516	114	111	130
1054	516	114	111	130
1055	516	116	113	132
1056	516	119	114	134
1057	516	116	111	131
1058	516	115	112	129
1059	516	116	113	130
1060	516	116	113	130
1061	516	118	115	132
1062	516	115	112	131
1063	516	115	112	131
992	517	112	109	126
993	517	109	106	123
994	517	110	105	125
995	517	112	107	127
996	517	115	112	131
997	517	115	112	131
998	517	115	114	128
999	517	116	115	129
1000	517	115	114	128
1001	517	115	113	127
1002	517	114	112	126
1003	517	114	110	125
1004	517	113	109	124
1005	517	115	111	126
1006	517	115	113	126
1007	517	114	112	125
1008	517	112	110	121
1009	517	118	116	127
1010	517	116	114	125
1011	517	115	113	124
1012	517	114	112	125
1013	517	114	112	125
1014	517	116	112	127
1015	517	114	110	125
1016	517	116	112	126
1017	517	113	109	123
1018	517	111	107	121
1019	517	115	111	125
1020	517	113	111	125
1021	517	112	110	124
1022	517	118	117	131
1023	517	119	118	132
1024	517	118	117	133
1025	517	110	109	127
1026	517	108	105	124
1027	517	111	108	129
1028	517	110	106	129
1029	517	114	110	133
1030	517	122	117	139
1031	517	115	110	132
1032	517	116	108	129
1033	517	116	108	129
1034	517	118	110	131
1035	517	120	112	133
1036	517	115	112	133
1037	517	111	108	129
1038	517	108	105	126
1039	517	104	101	122
1040	517	108	105	124
1041	517	113	110	129
1042	517	114	112	126
1043	517	116	114	128
1044	517	118	114	128
1045	517	114	110	125
1046	517	115	111	126
1047	517	115	111	128
1048	517	115	110	130
1049	517	114	109	129
1050	517	113	110	129
1051	517	113	110	129
1052	517	115	112	129
1053	517	116	113	130
1054	517	116	112	129
1055	517	115	111	128
1056	517	115	111	128
1057	517	113	109	126
1058	517	113	111	125
1059	517	116	114	128
1060	517	116	113	130
1061	517	116	113	130
1062	517	114	111	128
1063	517	116	113	130
992	518	113	109	126
993	518	112	108	125
994	518	114	109	129
995	518	114	109	129
996	518	117	114	133
997	518	118	115	134
998	518	115	114	128
999	518	114	113	127
1000	518	115	115	127
1001	518	115	115	127
1002	518	116	114	128
1003	518	113	111	125
1004	518	114	110	125
1005	518	116	112	127
1006	518	114	112	126
1007	518	112	110	124
1008	518	110	108	121
1009	518	118	116	129
1010	518	116	114	125
1011	518	117	115	126
1012	518	116	112	126
1013	518	114	110	124
1014	518	115	111	125
1015	518	111	107	121
1016	518	111	108	119
1017	518	110	107	118
1018	518	111	107	121
1019	518	115	111	125
1020	518	115	113	127
1021	518	113	111	125
1022	518	114	112	126
1023	518	118	116	130
1024	518	116	115	131
1025	518	112	111	129
1026	518	105	102	121
1027	518	106	103	124
1028	518	115	111	134
1029	518	120	116	139
1030	518	119	116	137
1031	518	116	111	133
1032	518	114	110	127
1033	518	118	111	129
1034	518	118	110	131
1035	518	121	113	134
1036	518	117	114	133
1037	518	115	112	131
1038	518	113	110	129
1039	518	110	107	126
1040	518	111	108	125
1041	518	114	111	128
1042	518	113	111	125
1043	518	117	115	129
1044	518	121	117	131
1045	518	114	110	124
1046	518	112	105	121
1047	518	111	104	120
1048	518	112	108	125
1049	518	109	105	122
1050	518	106	103	122
1051	518	110	107	126
1052	518	116	113	130
1053	518	117	114	131
1054	518	118	114	129
1055	518	116	112	127
1056	518	115	111	126
1057	518	114	110	125
1058	518	115	113	127
1059	518	115	113	127
1060	518	117	115	129
1061	518	118	116	130
1062	518	117	114	131
1063	518	115	112	129
992	519	115	108	126
993	519	114	107	125
994	519	113	108	128
995	519	113	108	128
996	519	117	114	133
997	519	119	116	135
998	519	115	114	128
999	519	115	114	128
1000	519	116	114	128
1001	519	117	115	129
1002	519	115	113	127
1003	519	114	112	126
1004	519	114	112	126
1005	519	112	110	124
1006	519	116	112	127
1007	519	116	112	127
1008	519	114	112	125
1009	519	117	115	128
1010	519	114	112	125
1011	519	114	112	125
1012	519	114	110	124
1013	519	115	111	125
1014	519	116	112	126
1015	519	115	111	125
1016	519	113	110	121
1017	519	113	110	121
1018	519	109	105	119
1019	519	111	107	121
1020	519	113	109	124
1021	519	114	110	125
1022	519	113	111	125
1023	519	113	111	125
1024	519	115	114	128
1025	519	117	116	132
1026	519	109	106	125
1027	519	108	105	126
1028	519	114	110	133
1029	519	111	107	130
1030	519	112	109	128
1031	519	115	110	130
1032	519	115	111	128
1033	519	121	114	132
1034	519	118	114	131
1035	519	117	113	130
1036	519	115	112	131
1037	519	116	113	132
1038	519	116	111	131
1039	519	117	112	132
1040	519	117	113	130
1041	519	118	114	131
1042	519	116	115	131
1043	519	116	115	131
1044	519	115	114	128
1045	519	116	114	128
1046	519	114	112	126
1047	519	107	103	118
1048	519	111	104	122
1049	519	113	105	126
1050	519	112	107	127
1051	519	110	105	127
1052	519	112	109	128
1053	519	117	114	133
1054	519	118	114	129
1055	519	117	113	128
1056	519	119	112	128
1057	519	120	113	129
1058	519	114	112	126
1059	519	115	113	127
1060	519	116	113	130
1061	519	119	116	133
1062	519	118	115	132
1063	519	120	117	134
992	520	112	105	121
993	520	111	104	120
994	520	110	107	124
995	520	108	105	122
996	520	111	110	128
997	520	116	115	133
998	520	114	113	129
999	520	114	113	129
1000	520	116	115	129
1001	520	113	112	126
1002	520	117	115	129
1003	520	116	114	128
1004	520	113	110	127
1005	520	114	111	128
1006	520	113	110	127
1007	520	117	114	131
1008	520	119	115	130
1009	520	114	110	125
1010	520	113	113	123
1011	520	105	105	115
1012	520	103	103	115
1013	520	109	107	120
1014	520	115	113	126
1015	520	115	111	125
1016	520	115	108	124
1017	520	113	106	122
1018	520	110	106	123
1019	520	109	105	122
1020	520	112	109	126
1021	520	114	111	128
1022	520	115	111	126
1023	520	114	110	125
1024	520	115	111	128
1025	520	118	113	133
1026	520	118	113	133
1027	520	112	107	129
1028	520	108	104	127
1029	520	104	100	123
1030	520	108	105	124
1031	520	113	110	129
1032	520	113	109	126
1033	520	117	113	130
1034	520	120	115	135
1035	520	118	113	133
1036	520	117	114	135
1037	520	116	113	134
1038	520	115	114	132
1039	520	117	116	134
1040	520	116	115	133
1041	520	114	113	131
1042	520	117	115	129
1043	520	114	112	126
1044	520	113	111	124
1045	520	115	113	126
1046	520	116	112	127
1047	520	114	110	125
1048	520	112	108	125
1049	520	113	109	126
1050	520	115	111	128
1051	520	113	109	126
1052	520	109	105	122
1053	520	113	109	126
1054	520	118	114	131
1055	520	116	112	129
1056	520	118	114	128
1057	520	117	113	127
1058	520	115	111	126
1059	520	107	103	118
1060	520	114	111	128
1061	520	118	115	132
1062	520	115	117	132
1063	520	117	119	134
992	521	109	102	118
993	521	110	103	119
994	521	112	108	125
995	521	111	107	124
996	521	110	107	124
997	521	116	113	130
998	521	116	115	131
999	521	114	113	129
1000	521	111	110	124
1001	521	110	109	123
1002	521	116	114	128
1003	521	114	112	126
1004	521	115	112	129
1005	521	113	110	127
1006	521	109	106	123
1007	521	113	110	127
1008	521	112	108	125
1009	521	114	110	125
1010	521	112	112	124
1011	521	108	108	118
1012	521	110	110	122
1013	521	113	111	124
1014	521	115	113	127
1015	521	116	112	127
1016	521	111	107	122
1017	521	109	105	122
1018	521	115	111	128
1019	521	116	111	131
1020	521	116	113	130
1021	521	114	111	128
1022	521	118	114	129
1023	521	115	111	126
1024	521	113	111	125
1025	521	116	113	130
1026	521	118	115	134
1027	521	114	111	132
1028	521	112	108	131
1029	521	112	108	131
1030	521	113	110	129
1031	521	114	111	130
1032	521	114	110	127
1033	521	115	111	128
1034	521	118	113	133
1035	521	114	109	129
1036	521	111	108	129
1037	521	115	112	133
1038	521	116	117	137
1039	521	121	119	140
1040	521	114	113	131
1041	521	112	109	128
1042	521	113	111	125
1043	521	111	109	123
1044	521	111	109	123
1045	521	111	109	123
1046	521	113	109	126
1047	521	115	111	128
1048	521	113	108	128
1049	521	112	107	127
1050	521	115	111	128
1051	521	115	111	128
1052	521	114	110	127
1053	521	114	110	127
1054	521	114	110	127
1055	521	114	110	127
1056	521	114	110	125
1057	521	116	112	127
1058	521	118	114	129
1059	521	110	106	121
1060	521	115	113	127
1061	521	116	114	128
1062	521	118	120	133
1063	521	115	117	130
992	522	110	103	119
993	522	107	100	116
994	522	109	105	120
995	522	111	107	122
996	522	113	110	127
997	522	118	115	132
998	522	117	116	132
999	522	114	113	129
1000	522	112	111	125
1001	522	109	108	122
1002	522	112	110	124
1003	522	110	108	122
1004	522	113	110	127
1005	522	110	107	124
1006	522	109	106	125
1007	522	113	110	129
1008	522	113	109	126
1009	522	111	107	124
1010	522	111	109	122
1011	522	109	107	120
1012	522	114	112	126
1013	522	113	111	125
1014	522	114	110	125
1015	522	116	112	127
1016	522	110	106	121
1017	522	111	107	124
1018	522	115	111	128
1019	522	116	111	131
1020	522	117	114	131
1021	522	117	114	131
1022	522	117	115	129
1023	522	115	113	127
1024	522	117	116	130
1025	522	118	117	133
1026	522	117	116	132
1027	522	112	111	129
1028	522	113	110	131
1029	522	115	112	133
1030	522	116	113	132
1031	522	115	112	131
1032	522	114	109	129
1033	522	116	111	131
1034	522	119	114	134
1035	522	114	109	129
1036	522	109	107	128
1037	522	113	111	132
1038	522	115	116	137
1039	522	118	116	138
1040	522	113	112	130
1041	522	110	107	126
1042	522	111	108	125
1043	522	110	107	124
1044	522	112	110	124
1045	522	114	112	126
1046	522	113	109	126
1047	522	109	105	122
1048	522	112	107	127
1049	522	114	109	129
1050	522	115	111	128
1051	522	114	110	127
1052	522	115	111	128
1053	522	114	110	127
1054	522	114	110	125
1055	522	114	110	125
1056	522	114	110	125
1057	522	119	115	130
1058	522	117	113	128
1059	522	115	111	126
1060	522	105	104	118
1061	522	110	109	123
1062	522	117	116	130
1063	522	117	116	130
992	523	111	107	121
993	523	107	103	117
994	523	108	104	118
995	523	112	108	122
996	523	113	111	125
997	523	115	113	127
998	523	117	114	131
999	523	115	112	129
1000	523	113	112	128
1001	523	111	110	126
1002	523	113	111	125
1003	523	113	111	125
1004	523	114	111	128
1005	523	113	110	127
1006	523	115	112	131
1007	523	115	112	131
1008	523	111	106	126
1009	523	108	103	123
1010	523	114	110	125
1011	523	114	110	125
1012	523	115	112	129
1013	523	113	110	127
1014	523	117	115	129
1015	523	113	111	125
1016	523	111	107	121
1017	523	114	110	125
1018	523	112	110	124
1019	523	111	108	125
1020	523	114	111	128
1021	523	117	114	131
1022	523	117	115	129
1023	523	117	115	129
1024	523	115	114	128
1025	523	111	110	124
1026	523	114	113	129
1027	523	118	117	133
1028	523	116	115	133
1029	523	119	118	136
1030	523	122	119	140
1031	523	115	112	133
1032	523	115	110	132
1033	523	117	112	134
1034	523	120	115	135
1035	523	115	110	130
1036	523	113	110	131
1037	523	114	110	133
1038	523	114	112	134
1039	523	117	115	139
1040	523	114	111	132
1041	523	109	106	127
1042	523	111	108	125
1043	523	113	110	127
1044	523	117	114	131
1045	523	119	116	133
1046	523	115	110	130
1047	523	104	99	119
1048	523	109	104	124
1049	523	117	112	132
1050	523	116	112	129
1051	523	114	110	127
1052	523	114	110	125
1053	523	114	110	125
1054	523	114	110	125
1055	523	113	109	124
1056	523	114	110	127
1057	523	112	108	125
1058	523	115	113	127
1059	523	115	113	127
1060	523	111	109	122
1061	523	106	104	117
1062	523	114	114	126
1063	523	116	115	129
992	524	116	112	126
993	524	112	108	122
994	524	110	106	120
995	524	112	108	122
996	524	112	110	124
997	524	112	110	124
998	524	114	111	128
999	524	115	112	129
1000	524	112	109	126
1001	524	112	109	126
1002	524	114	112	126
1003	524	116	114	128
1004	524	114	112	126
1005	524	117	114	131
1006	524	121	117	134
1007	524	119	114	134
1008	524	116	112	129
1009	524	104	100	117
1010	524	110	106	121
1011	524	115	111	126
1012	524	116	112	129
1013	524	120	116	133
1014	524	118	116	130
1015	524	117	115	129
1016	524	114	112	125
1017	524	113	111	125
1018	524	112	110	124
1019	524	110	107	124
1020	524	114	111	128
1021	524	114	111	128
1022	524	116	114	128
1023	524	116	114	128
1024	524	115	113	127
1025	524	108	106	120
1026	524	111	109	123
1027	524	118	115	132
1028	524	116	115	131
1029	524	121	120	138
1030	524	125	123	144
1031	524	117	115	136
1032	524	115	112	133
1033	524	116	113	134
1034	524	116	113	132
1035	524	112	109	128
1036	524	113	108	130
1037	524	111	106	129
1038	524	112	107	130
1039	524	118	112	138
1040	524	116	113	134
1041	524	112	109	130
1042	524	115	112	131
1043	524	118	115	134
1044	524	121	118	137
1045	524	122	119	138
1046	524	119	114	134
1047	524	111	106	126
1048	524	104	99	119
1049	524	114	109	129
1050	524	116	112	129
1051	524	115	111	128
1052	524	115	111	126
1053	524	114	110	125
1054	524	115	111	128
1055	524	114	110	127
1056	524	114	110	127
1057	524	116	112	129
1058	524	121	119	133
1059	524	120	118	132
1060	524	115	113	126
1061	524	112	110	123
1062	524	117	115	128
1063	524	118	116	130
992	525	116	112	127
993	525	111	107	122
994	525	109	105	119
995	525	112	108	122
996	525	112	110	124
997	525	112	110	124
998	525	114	111	128
999	525	114	111	128
1000	525	112	109	126
1001	525	111	108	125
1002	525	111	109	123
1003	525	111	109	123
1004	525	108	106	120
1005	525	115	112	129
1006	525	118	114	131
1007	525	118	113	133
1008	525	117	114	131
1009	525	111	108	125
1010	525	103	99	114
1011	525	110	106	121
1012	525	110	106	123
1013	525	114	110	127
1014	525	117	115	128
1015	525	116	114	127
1016	525	118	116	127
1017	525	118	116	129
1018	525	114	112	126
1019	525	111	108	125
1020	525	115	112	129
1021	525	116	113	130
1022	525	114	112	126
1023	525	115	113	127
1024	525	116	112	127
1025	525	111	107	122
1026	525	113	111	125
1027	525	118	115	132
1028	525	117	116	132
1029	525	116	115	133
1030	525	118	116	137
1031	525	118	116	137
1032	525	118	117	135
1033	525	118	117	135
1034	525	118	115	132
1035	525	114	111	128
1036	525	114	109	129
1037	525	115	110	132
1038	525	118	110	133
1039	525	116	111	134
1040	525	115	112	133
1041	525	112	110	131
1042	525	115	112	131
1043	525	117	114	133
1044	525	119	116	135
1045	525	118	115	134
1046	525	116	113	132
1047	525	113	110	129
1048	525	109	104	124
1049	525	112	107	127
1050	525	115	111	128
1051	525	115	111	128
1052	525	115	111	128
1053	525	114	110	127
1054	525	114	110	127
1055	525	116	112	129
1056	525	116	112	129
1057	525	117	113	130
1058	525	123	121	135
1059	525	122	120	134
1060	525	119	117	130
1061	525	113	111	124
1062	525	116	114	127
1063	525	120	118	131
992	526	111	109	123
993	526	110	108	122
994	526	113	109	123
995	526	116	112	126
996	526	117	113	128
997	526	115	111	128
998	526	113	110	127
999	526	114	111	130
1000	526	112	109	126
1001	526	111	108	125
1002	526	112	110	123
1003	526	110	108	121
1004	526	109	105	119
1005	526	115	111	126
1006	526	115	111	126
1007	526	115	111	128
1008	526	114	111	128
1009	526	114	111	128
1010	526	109	105	120
1011	526	114	110	127
1012	526	109	105	122
1013	526	105	101	118
1014	526	109	107	121
1015	526	115	113	126
1016	526	117	115	126
1017	526	122	120	133
1018	526	118	114	129
1019	526	115	111	128
1020	526	116	112	129
1021	526	118	114	131
1022	526	115	113	127
1023	526	117	115	129
1024	526	117	115	129
1025	526	110	108	122
1026	526	114	111	128
1027	526	119	116	133
1028	526	117	114	133
1029	526	111	108	127
1030	526	113	111	132
1031	526	120	118	139
1032	526	118	117	135
1033	526	119	118	136
1034	526	120	117	134
1035	526	118	115	132
1036	526	119	114	134
1037	526	121	116	136
1038	526	123	118	140
1039	526	120	115	137
1040	526	113	111	132
1041	526	113	111	132
1042	526	114	113	131
1043	526	115	114	132
1044	526	117	116	134
1045	526	116	115	133
1046	526	117	114	133
1047	526	115	112	131
1048	526	115	112	131
1049	526	111	108	127
1050	526	113	109	126
1051	526	115	111	128
1052	526	114	110	127
1053	526	114	110	127
1054	526	115	112	131
1055	526	118	115	134
1056	526	117	114	133
1057	526	117	114	133
1058	526	120	119	135
1059	526	120	119	135
1060	526	120	119	133
1061	526	116	115	129
1062	526	114	112	126
1063	526	113	111	125
992	527	111	108	125
993	527	116	113	130
994	527	119	117	131
995	527	120	118	132
996	527	123	119	134
997	527	119	115	132
998	527	113	110	127
999	527	114	111	130
1000	527	112	109	128
1001	527	110	107	124
1002	527	113	111	125
1003	527	112	110	123
1004	527	112	108	122
1005	527	115	111	126
1006	527	119	112	128
1007	527	116	109	127
1008	527	114	112	126
1009	527	113	111	125
1010	527	114	110	125
1011	527	116	112	129
1012	527	116	112	129
1013	527	110	106	123
1014	527	111	109	123
1015	527	115	113	126
1016	527	112	112	122
1017	527	114	112	125
1018	527	114	112	126
1019	527	113	109	126
1020	527	116	111	131
1021	527	117	112	132
1022	527	116	112	127
1023	527	115	111	126
1024	527	116	114	128
1025	527	116	114	128
1026	527	115	112	129
1027	527	112	109	126
1028	527	113	110	129
1029	527	110	107	126
1030	527	113	110	129
1031	527	116	113	132
1032	527	115	112	131
1033	527	116	113	132
1034	527	117	114	131
1035	527	116	113	130
1036	527	115	112	129
1037	527	116	113	130
1038	527	122	117	137
1039	527	122	117	137
1040	527	115	113	134
1041	527	113	111	132
1042	527	115	114	132
1043	527	116	115	133
1044	527	116	115	131
1045	527	116	115	131
1046	527	119	116	135
1047	527	118	115	134
1048	527	115	112	131
1049	527	110	107	126
1050	527	111	108	125
1051	527	113	110	127
1052	527	111	108	125
1053	527	111	108	125
1054	527	114	111	130
1055	527	114	111	130
1056	527	114	111	130
1057	527	115	112	131
1058	527	114	113	129
1059	527	118	117	133
1060	527	118	117	131
1061	527	117	116	130
1062	527	114	112	126
1063	527	111	109	123
992	528	113	111	125
993	528	119	117	131
994	528	119	119	131
995	528	118	117	131
996	528	120	119	133
997	528	119	118	134
998	528	114	111	130
999	528	111	108	127
1000	528	113	110	129
1001	528	114	111	130
1002	528	116	114	128
1003	528	115	113	127
1004	528	114	112	126
1005	528	114	112	126
1006	528	116	112	127
1007	528	120	116	133
1008	528	123	119	136
1009	528	118	113	133
1010	528	117	113	130
1011	528	117	113	130
1012	528	117	113	128
1013	528	113	109	124
1014	528	112	108	123
1015	528	116	112	127
1016	528	116	112	127
1017	528	115	111	126
1018	528	116	112	127
1019	528	116	112	127
1020	528	113	110	127
1021	528	115	112	129
1022	528	115	113	127
1023	528	115	111	126
1024	528	116	112	129
1025	528	118	111	129
1026	528	118	113	133
1027	528	113	108	128
1028	528	115	110	130
1029	528	111	106	126
1030	528	113	110	129
1031	528	117	114	133
1032	528	116	113	132
1033	528	113	110	129
1034	528	116	113	132
1035	528	114	111	130
1036	528	108	105	122
1037	528	113	110	127
1038	528	118	114	129
1039	528	120	116	131
1040	528	119	116	133
1041	528	117	114	131
1042	528	117	115	129
1043	528	116	114	128
1044	528	116	115	131
1045	528	117	116	132
1046	528	119	118	134
1047	528	121	120	136
1048	528	120	119	133
1049	528	113	112	126
1050	528	113	112	126
1051	528	115	114	130
1052	528	116	113	130
1053	528	114	111	130
1054	528	116	113	132
1055	528	115	112	131
1056	528	111	108	127
1057	528	107	104	123
1058	528	117	115	129
1059	528	116	114	128
1060	528	117	115	128
1061	528	118	116	129
1062	528	115	113	127
1063	528	115	113	127
992	529	108	106	119
993	529	115	113	126
994	529	115	115	127
995	529	113	112	126
996	529	114	113	127
997	529	114	113	129
998	529	112	109	128
999	529	112	109	128
1000	529	111	108	127
1001	529	114	111	130
1002	529	117	115	129
1003	529	115	113	127
1004	529	115	113	127
1005	529	115	113	127
1006	529	113	109	126
1007	529	117	113	130
1008	529	119	116	133
1009	529	116	113	130
1010	529	116	113	130
1011	529	116	113	130
1012	529	116	114	128
1013	529	114	112	126
1014	529	113	111	125
1015	529	115	113	127
1016	529	114	111	128
1017	529	114	111	128
1018	529	117	114	131
1019	529	115	112	129
1020	529	113	110	127
1021	529	113	110	127
1022	529	115	112	129
1023	529	115	112	129
1024	529	111	107	124
1025	529	114	110	127
1026	529	116	112	129
1027	529	114	110	127
1028	529	113	109	126
1029	529	111	107	124
1030	529	114	111	130
1031	529	113	110	129
1032	529	112	109	128
1033	529	114	111	130
1034	529	118	115	132
1035	529	115	112	129
1036	529	114	110	125
1037	529	114	110	125
1038	529	117	113	128
1039	529	116	112	127
1040	529	118	115	132
1041	529	124	121	138
1042	529	118	116	130
1043	529	113	111	125
1044	529	115	114	130
1045	529	114	113	129
1046	529	116	115	131
1047	529	117	116	132
1048	529	117	116	130
1049	529	114	113	127
1050	529	115	114	128
1051	529	113	112	126
1052	529	115	112	129
1053	529	115	112	129
1054	529	115	112	129
1055	529	116	113	130
1056	529	113	110	129
1057	529	114	111	130
1058	529	119	117	131
1059	529	119	117	131
1060	529	117	115	128
1061	529	117	115	128
1062	529	118	116	130
1063	529	118	116	130
992	530	108	106	119
993	530	114	112	125
994	530	116	115	129
995	530	112	111	125
996	530	114	113	129
997	530	111	110	126
998	530	113	110	129
999	530	113	110	129
1000	530	114	111	130
1001	530	114	111	130
1002	530	114	113	127
1003	530	117	116	130
1004	530	118	117	131
1005	530	114	113	127
1006	530	113	110	127
1007	530	116	113	130
1008	530	118	115	132
1009	530	117	114	131
1010	530	117	114	131
1011	530	114	111	128
1012	530	112	110	124
1013	530	112	110	124
1014	530	115	112	129
1015	530	116	113	130
1016	530	112	109	126
1017	530	111	108	125
1018	530	116	113	130
1019	530	114	111	128
1020	530	115	112	129
1021	530	113	110	127
1022	530	112	109	126
1023	530	109	106	123
1024	530	110	105	125
1025	530	115	110	130
1026	530	114	110	127
1027	530	112	108	125
1028	530	112	109	126
1029	530	113	110	127
1030	530	110	107	126
1031	530	112	109	128
1032	530	109	106	125
1033	530	117	114	133
1034	530	122	118	133
1035	530	117	113	128
1036	530	115	111	126
1037	530	114	110	125
1038	530	117	113	128
1039	530	113	109	124
1040	530	107	105	119
1041	530	116	114	128
1042	530	114	112	126
1043	530	108	106	120
1044	530	113	112	128
1045	530	113	112	128
1046	530	111	110	126
1047	530	114	113	129
1048	530	114	113	127
1049	530	112	111	125
1050	530	111	109	123
1051	530	107	105	119
1052	530	111	108	125
1053	530	116	113	130
1054	530	116	114	128
1055	530	117	115	129
1056	530	117	114	131
1057	530	119	116	133
1058	530	120	118	132
1059	530	118	116	130
1060	530	116	114	128
1061	530	115	113	127
1062	530	118	116	130
1063	530	117	115	129
992	531	112	108	122
993	531	119	115	129
994	531	118	116	130
995	531	116	114	128
996	531	112	109	126
997	531	112	109	126
998	531	112	109	126
999	531	114	111	128
1000	531	113	110	127
1001	531	111	108	125
1002	531	112	109	126
1003	531	116	113	130
1004	531	114	113	127
1005	531	112	111	125
1006	531	113	111	125
1007	531	114	112	126
1008	531	118	116	130
1009	531	116	114	128
1010	531	115	113	127
1011	531	113	111	125
1012	531	114	112	126
1013	531	115	113	127
1014	531	115	112	129
1015	531	111	108	125
1016	531	113	109	126
1017	531	114	110	127
1018	531	116	111	131
1019	531	115	110	130
1020	531	116	112	129
1021	531	115	111	128
1022	531	116	112	129
1023	531	115	110	130
1024	531	114	111	130
1025	531	114	111	132
1026	531	118	115	134
1027	531	119	116	135
1028	531	116	113	130
1029	531	117	114	131
1030	531	114	111	128
1031	531	112	109	126
1032	531	113	109	126
1033	531	115	111	128
1034	531	115	111	128
1035	531	116	112	129
1036	531	116	112	127
1037	531	116	112	127
1038	531	120	116	131
1039	531	115	111	126
1040	531	108	106	120
1041	531	111	109	123
1042	531	110	108	122
1043	531	109	107	121
1044	531	112	111	127
1045	531	114	113	129
1046	531	112	111	129
1047	531	113	112	130
1048	531	114	113	129
1049	531	111	110	126
1050	531	110	107	124
1051	531	110	107	124
1052	531	113	111	125
1053	531	113	111	125
1054	531	113	111	125
1055	531	115	113	127
1056	531	115	112	129
1057	531	117	114	131
1058	531	118	116	130
1059	531	118	116	130
1060	531	116	114	128
1061	531	116	114	128
1062	531	117	113	128
1063	531	115	111	126
992	532	108	104	118
993	532	114	110	124
994	532	114	112	126
995	532	114	112	126
996	532	113	110	127
997	532	112	109	126
998	532	112	108	125
999	532	111	107	124
1000	532	113	109	126
1001	532	114	110	127
1002	532	114	111	128
1003	532	114	111	128
1004	532	111	110	124
1005	532	113	112	126
1006	532	113	111	125
1007	532	113	111	125
1008	532	117	115	129
1009	532	116	114	128
1010	532	116	114	128
1011	532	116	114	128
1012	532	117	113	128
1013	532	117	113	128
1014	532	117	113	128
1015	532	114	110	125
1016	532	113	109	126
1017	532	115	111	128
1018	532	112	107	127
1019	532	112	107	127
1020	532	116	112	129
1021	532	116	112	129
1022	532	116	112	129
1023	532	120	115	135
1024	532	118	115	134
1025	532	113	110	131
1026	532	116	113	132
1027	532	121	118	137
1028	532	120	117	134
1029	532	119	116	133
1030	532	119	115	130
1031	532	113	109	124
1032	532	113	109	126
1033	532	112	108	125
1034	532	112	108	125
1035	532	114	110	127
1036	532	112	108	125
1037	532	116	112	129
1038	532	120	116	131
1039	532	120	116	131
1040	532	122	120	134
1041	532	117	115	129
1042	532	110	107	124
1043	532	111	108	125
1044	532	111	110	128
1045	532	114	113	131
1046	532	117	116	134
1047	532	113	112	130
1048	532	110	109	127
1049	532	111	110	128
1050	532	115	112	129
1051	532	113	110	127
1052	532	111	109	123
1053	532	110	108	122
1054	532	113	109	124
1055	532	113	109	124
1056	532	111	108	125
1057	532	113	110	127
1058	532	119	117	131
1059	532	121	119	133
1060	532	118	116	130
1061	532	118	116	130
1062	532	117	115	129
1063	532	115	113	127
